Gp1_AJ249395 0 25 0.16
Gp1_AJ249395 25 50 0.12
Gp1_AJ249395 50 75 0.56
Gp1_AJ249395 75 100 0.16
Gp1_AJ249395 100 125 0.16
Gp1_AJ249395 125 150 0.2
Gp1_AJ249395 150 175 0.2
Gp1_AJ249395 175 200 0.52
Gp1_AJ249395 200 225 0.36
Gp1_AJ249395 225 250 0.32
Gp1_AJ249395 250 275 0.32
Gp1_AJ249395 275 300 0.36
Gp1_AJ249395 300 325 0.52
Gp1_AJ249395 325 350 0.52
Gp1_AJ249395 350 375 0.36
Gp1_AJ249395 375 400 0.4
Gp1_AJ249395 400 425 0.6
Gp1_AJ249395 425 450 0.36
Gp1_AJ249395 450 475 0.32
Gp1_AJ249395 475 500 0.4
Gp1_AJ249395 500 525 0.4
Gp1_AJ249395 525 550 0.48
Gp1_AJ249395 550 575 0.04
Gp1_AJ249395 575 600 0.44
Gp1_AJ249395 600 625 0.48
Gp1_AJ249395 625 650 0.4
Gp1_AJ249395 650 675 0.16
Gp1_AJ249395 675 700 0.12
Gp1_AJ249395 700 725 0.2
Gp1_AJ249395 725 750 0.2
Gp1_AJ249395 750 775 0.08
Gp1_AJ249395 775 800 0.0
Gp1_AJ249395 800 825 0.16
Gp1_AJ249395 825 850 0.56
Gp1_AJ249395 850 875 0.36
Gp1_AJ249395 875 900 0.24
Gp1_AJ249395 900 925 0.12
Gp1_AJ249395 925 950 0.4
Gp1_AJ249395 950 975 0.08
Gp1_AJ249395 975 1000 0.36
Gp1_AJ249395 1000 1025 0.12
Gp1_AJ249395 1025 1050 0.32
Gp1_AJ249395 1050 1075 0.36
Gp1_AJ249395 1075 1100 0.16
Gp1_AJ249395 1100 1125 0.24
Gp1_AJ249395 1125 1150 0.12
Gp1_AJ249395 1150 1175 0.2
Gp1_AJ249395 1175 1200 0.16
Gp1_AJ249395 1200 1225 0.24
Gp1_AJ249395 1225 1250 0.32
Gp1_AJ249395 1250 1275 0.32
Gp1_AJ249395 1275 1300 0.56
Gp1_AJ249395 1300 1325 0.4
Gp1_AJ249395 1325 1350 0.4
Gp1_AJ249395 1350 1375 0.44
Gp1_AJ249395 1375 1400 0.08
Gp1_AJ249395 1400 1425 0.36
Gp1_AJ249395 1425 1450 0.24
Gp1_AJ249395 1450 1475 0.4
Gp1_AJ249395 1475 1500 0.28
Gp1_AJ249395 1500 1525 0.4
Gp1_AJ249395 1525 1550 0.56
Gp1_AJ249395 1550 1575 0.36
Gp1_AJ249395 1575 1600 0.36
Gp1_AJ249395 1600 1625 0.28
Gp1_AJ249395 1625 1650 0.24
Gp1_AJ249395 1650 1675 0.44
Gp1_AJ249395 1675 1700 0.24
Gp1_AJ249395 1700 1725 0.28
Gp1_AJ249395 1725 1750 0.52
Gp1_AJ249395 1750 1775 0.24
Gp1_AJ249395 1775 1800 0.04
Gp1_AJ249395 1800 1825 0.16
Gp1_AJ249395 1825 1850 0.2
Gp1_AJ249395 1850 1875 0.4
Gp1_AJ249395 1875 1900 0.12
Gp1_AJ249395 1900 1925 0.28
Gp1_AJ249395 1925 1950 0.16
Gp1_AJ249395 1950 1975 0.16
Gp1_AJ249395 1975 2000 0.48
Gp1_AJ249395 2000 2025 0.24
Gp1_AJ249395 2025 2050 0.12
Gp1_AJ249395 2050 2075 0.44
Gp1_AJ249395 2075 2100 0.24
Gp1_AJ249395 2100 2125 0.24
Gp1_AJ249395 2125 2150 0.12
Gp1_AJ249395 2150 2175 0.48
Gp1_AJ249395 2175 2200 0.36
Gp1_AJ249395 2200 2225 0.48
Gp1_AJ249395 2225 2250 0.52
Gp1_AJ249395 2250 2275 0.2
Gp1_AJ249395 2275 2300 0.28
Gp1_AJ249395 2300 2325 0.28
Gp1_AJ249395 2325 2350 0.28
Gp1_AJ249395 2350 2375 0.48
Gp1_AJ249395 2375 2400 0.58
Gp1_AJ249395 2400 2425 0.52
Gp1_AJ249395 2425 2450 0.24
Gp1_AJ249395 2450 2475 0.44
Gp1_AJ249395 2475 2500 0.28
Gp1_AJ249395 2500 2525 0.48
Gp1_AJ249395 2525 2550 0.36
Gp1_AJ249395 2550 2575 0.4
Gp1_AJ249395 2575 2600 0.52
Gp1_AJ249395 2600 2625 0.36
Gp1_AJ249395 2625 2650 0.4
Gp1_AJ249395 2650 2675 0.32
Gp1_AJ249395 2675 2700 0.36
Gp1_AJ249395 2700 2725 0.28
Gp1_AJ249395 2725 2750 0.32
Gp1_AJ249395 2750 2775 0.32
Gp1_AJ249395 2775 2800 0.16
Gp1_AJ249395 2800 2825 0.24
Gp1_AJ249395 2825 2850 0.18
Gp1_AJ249395 2850 2875 0.28
Gp1_AJ249395 2875 2900 0.36
Gp1_AJ249395 2900 2925 0.4
Gp1_AJ249395 2925 2950 0.2
Gp1_AJ249395 2950 2975 0.24
Gp1_AJ249395 2975 3000 0.48
Gp1_AJ249395 3000 3025 0.08
Gp1_AJ249395 3025 3050 0.24
Gp1_AJ249395 3050 3075 0.32
Gp1_AJ249395 3075 3100 0.28
Gp1_AJ249395 3100 3125 0.32
Gp1_AJ249395 3125 3150 0.36
Gp1_AJ249395 3150 3175 0.24
Gp1_AJ249395 3175 3200 0.28
Gp1_AJ249395 3200 3225 0.0
Gp1_AJ249395 3225 3250 0.24
Gp1_AJ249395 3250 3275 0.48
Gp1_AJ249395 3275 3300 0.44
Gp1_AJ249395 3300 3325 0.48
Gp1_AJ249395 3325 3350 0.44
Gp1_AJ249395 3350 3375 0.16
Gp1_AJ249395 3375 3400 0.24
Gp1_AJ249395 3400 3425 0.2
Gp1_AJ249395 3425 3450 0.44
Gp1_AJ249395 3450 3475 0.24
Gp1_AJ249395 3475 3500 0.48
Gp1_AJ249395 3500 3525 0.28
Gp1_AJ249395 3525 3550 0.28
Gp1_AJ249395 3550 3575 0.04
Gp1_AJ249395 3575 3600 0.32
Gp1_AJ249395 3600 3625 0.16
Gp1_AJ249395 3625 3650 0.24
Gp1_AJ249395 3650 3675 0.28
Gp1_AJ249395 3675 3700 0.12
Gp1_AJ249395 3700 3725 0.4
Gp1_AJ249395 3725 3750 0.44
Gp1_AJ249395 3750 3775 0.36
Gp1_AJ249395 3775 3800 0.16
Gp1_AJ249395 3800 3825 0.28
Gp1_AJ249395 3825 3850 0.2
Gp1_AJ249395 3850 3875 0.08
Gp1_AJ249395 3875 3900 0.44
Gp1_AJ249395 3900 3925 0.48
Gp1_AJ249395 3925 3950 0.52
Gp1_AJ249395 3950 3975 0.36
Gp1_AJ249395 3975 4000 0.2
Gp1_AJ249395 4000 4025 0.2
Gp1_AJ249395 4025 4050 0.24
Gp1_AJ249395 4050 4075 0.4
Gp1_AJ249395 4075 4100 0.2
Gp1_AJ249395 4100 4125 0.52
Gp1_AJ249395 4125 4150 0.2
Gp1_AJ249395 4150 4175 0.16
Gp1_AJ249395 4175 4200 0.28
Gp1_AJ249395 4200 4225 0.32
Gp1_AJ249395 4225 4250 0.28
Gp1_AJ249395 4250 4275 0.12
Gp1_AJ249395 4275 4300 0.24
Gp1_AJ249395 4300 4325 0.2
Gp1_AJ249395 4325 4350 0.36
Gp1_AJ249395 4350 4375 0.36
Gp1_AJ249395 4375 4400 0.36
Gp1_AJ249395 4400 4425 0.16
Gp1_AJ249395 4425 4450 0.24
Gp1_AJ249395 4450 4475 0.44
Gp1_AJ249395 4475 4500 0.36
Gp1_AJ249395 4500 4525 0.36
Gp1_AJ249395 4525 4550 0.24
Gp1_AJ249395 4550 4575 0.2
Gp1_AJ249395 4575 4600 0.2
Gp1_AJ249395 4600 4625 0.24
Gp1_AJ249395 4625 4650 0.16
Gp1_AJ249395 4650 4675 0.28
Gp1_AJ249395 4675 4700 0.36
Gp1_AJ249395 4700 4725 0.24
Gp1_AJ249395 4725 4750 0.2
Gp1_AJ249395 4750 4775 0.32
Gp1_AJ249395 4775 4800 0.36
Gp1_AJ249395 4800 4825 0.36
Gp1_AJ249395 4825 4850 0.16
Gp1_AJ249395 4850 4875 0.44
Gp1_AJ249395 4875 4900 0.16
Gp1_AJ249395 4900 4925 0.36
Gp1_AJ249395 4925 4950 0.2
Gp1_AJ249395 4950 4975 0.28
Gp1_AJ249395 4975 5000 0.48
Gp1_AJ249395 5000 5025 0.2
Gp1_AJ249395 5025 5050 0.24
Gp1_AJ249395 5050 5075 0.24
Gp1_AJ249395 5075 5100 0.44
Gp1_AJ249395 5100 5125 0.48
Gp1_AJ249395 5125 5150 0.28
Gp1_AJ249395 5150 5175 0.36
Gp1_AJ249395 5175 5200 0.52
Gp1_AJ249395 5200 5225 0.48
Gp1_AJ249395 5225 5250 0.16
Gp1_AJ249395 5250 5275 0.44
Gp1_AJ249395 5275 5300 0.32
Gp1_AJ249395 5300 5325 0.2
Gp1_AJ249395 5325 5350 0.2
Gp1_AJ249395 5350 5375 0.24
Gp1_AJ249395 5375 5400 0.26
Gp1_AJ249395 5400 5425 0.24
Gp1_AJ249395 5425 5450 0.24
Gp1_AJ249395 5450 5475 0.16
Gp1_AJ249395 5475 5500 0.32
Gp1_AJ249395 5500 5525 0.24
Gp1_AJ249395 5525 5550 0.36
Gp1_AJ249395 5550 5575 0.36
Gp1_AJ249395 5575 5600 0.32
Gp1_AJ249395 5600 5625 0.52
Gp1_AJ249395 5625 5650 0.36
Gp1_AJ249395 5650 5675 0.32
Gp1_AJ249395 5675 5700 0.42
Gp1_AJ249395 5700 5725 0.32
Gp1_AJ249395 5725 5750 0.28
Gp1_AJ249395 5750 5775 0.52
Gp1_AJ249395 5775 5800 0.44
Gp1_AJ249395 5800 5825 0.32
Gp1_AJ249395 5825 5850 0.2
Gp1_AJ249395 5850 5875 0.16
Gp1_AJ249395 5875 5900 0.24
Gp1_AJ249395 5900 5925 0.28
Gp1_AJ249395 5925 5950 0.2
Gp1_AJ249395 5950 5975 0.52
Gp1_AJ249395 5975 6000 0.4
Gp1_AJ249395 6000 6025 0.44
Gp1_AJ249395 6025 6050 0.32
Gp1_AJ249395 6050 6075 0.24
Gp1_AJ249395 6075 6100 0.32
Gp1_AJ249395 6100 6125 0.16
Gp1_AJ249395 6125 6150 0.48
Gp1_AJ249395 6150 6175 0.24
Gp1_AJ249395 6175 6200 0.16
Gp1_AJ249395 6200 6225 0.56
Gp1_AJ249395 6225 6250 0.52
Gp1_AJ249395 6250 6275 0.56
Gp1_AJ249395 6275 6300 0.48
Gp1_AJ249395 6300 6325 0.54
Gp1_AJ249395 6325 6350 0.52
Gp1_AJ249395 6350 6375 0.44
Gp1_AJ249395 6375 6400 0.64
Gp1_AJ249395 6400 6425 0.52
Gp1_AJ249395 6425 6450 0.72
Gp1_AJ249395 6450 6475 0.6
Gp1_AJ249395 6475 6500 0.6
Gp1_AJ249395 6500 6525 0.36
Gp1_AJ249395 6525 6550 0.2
Gp1_AJ249395 6550 6575 0.52
Gp1_AJ249395 6575 6600 0.28
Gp1_AJ249395 6600 6625 0.24
Gp1_AJ249395 6625 6650 0.32
Gp1_AJ249395 6650 6675 0.28
Gp1_AJ249395 6675 6700 0.4
Gp1_AJ249395 6700 6725 0.72
Gp1_AJ249395 6725 6750 0.52
Gp1_AJ249395 6750 6775 0.48
Gp1_AJ249395 6775 6800 0.32
Gp1_AJ249395 6800 6825 0.2
Gp1_AJ249395 6825 6850 0.48
Gp1_AJ249395 6850 6875 0.6
Gp1_AJ249395 6875 6900 0.32
Gp1_AJ249395 6900 6925 0.36
Gp1_AJ249395 6925 6950 0.28
Gp1_AJ249395 6950 6975 0.16
Gp1_AJ249395 6975 7000 0.24
Gp1_AJ249395 7000 7025 0.24
Gp1_AJ249395 7025 7050 0.28
Gp1_AJ249395 7050 7075 0.32
Gp1_AJ249395 7075 7100 0.4
Gp1_AJ249395 7100 7125 0.24
Gp1_AJ249395 7125 7150 0.28
Gp1_AJ249395 7150 7175 0.28
Gp1_AJ249395 7175 7200 0.16
Gp1_AJ249395 7200 7225 0.48
Gp1_AJ249395 7225 7250 0.44
Gp1_AJ249395 7250 7275 0.44
Gp1_AJ249395 7275 7300 0.4
Gp1_AJ249395 7300 7325 0.32
Gp1_AJ249395 7325 7350 0.44
Gp1_AJ249395 7350 7375 0.44
Gp1_AJ249395 7375 7400 0.6
Gp1_AJ249395 7400 7425 0.32
Gp1_AJ249395 7425 7450 0.2
Gp1_AJ249395 7450 7475 0.44
Gp1_AJ249395 7475 7500 0.36
Gp1_AJ249395 7500 7525 0.4
Gp1_AJ249395 7525 7550 0.24
Gp1_AJ249395 7550 7575 0.32
Gp1_AJ249395 7575 7600 0.24
Gp1_AJ249395 7600 7625 0.48
Gp1_AJ249395 7625 7650 0.52
Gp1_AJ249395 7650 7675 0.68
Gp1_AJ249395 7675 7700 0.4
Gp1_AJ249395 7700 7725 0.44
Gp1_AJ249395 7725 7750 0.36
Gp1_AJ249395 7750 7775 0.28
Gp1_AJ249395 7775 7800 0.56
Gp1_AJ249395 7800 7825 0.36
Gp1_AJ249395 7825 7850 0.32
Gp1_AJ249395 7850 7875 0.6
Gp1_AJ249395 7875 7900 0.3
Gp1_AJ249395 7900 7925 0.32
Gp1_AJ249395 7925 7950 0.04
Gp1_AJ249395 7950 7975 0.32
Gp1_AJ249395 7975 8000 0.36
Gp1_AJ249395 8000 8025 0.16
Gp1_AJ249395 8025 8050 0.24
Gp1_AJ249395 8050 8075 0.32
Gp1_AJ249395 8075 8100 0.24
Gp1_AJ249395 8100 8125 0.4
Gp1_AJ249395 8125 8150 0.44
Gp1_AJ249395 8150 8175 0.4
Gp1_AJ249395 8175 8200 0.52
Gp1_AJ249395 8200 8225 0.4
Gp1_AJ249395 8225 8250 0.52
Gp1_AJ249395 8250 8275 0.48
Gp1_AJ249395 8275 8300 0.44
Gp1_AJ249395 8300 8325 0.48
Gp1_AJ249395 8325 8350 0.32
Gp1_AJ249395 8350 8375 0.6
Gp1_AJ249395 8375 8400 0.2
Gp1_AJ249395 8400 8425 0.08
Gp1_AJ249395 8425 8450 0.36
Gp1_AJ249395 8450 8475 0.52
Gp1_AJ249395 8475 8500 0.2
Gp1_AJ249395 8500 8525 0.4
Gp1_AJ249395 8525 8550 0.36
Gp1_AJ249395 8550 8575 0.52
Gp1_AJ249395 8575 8600 0.48
Gp1_AJ249395 8600 8625 0.52
Gp1_AJ249395 8625 8650 0.48
Gp1_AJ249395 8650 8675 0.4
Gp1_AJ249395 8675 8700 0.36
Gp1_AJ249395 8700 8725 0.6
Gp1_AJ249395 8725 8750 0.52
Gp1_AJ249395 8750 8775 0.56
Gp1_AJ249395 8775 8800 0.48
Gp1_AJ249395 8800 8825 0.92
Gp1_AJ249395 8825 8850 0.48
Gp1_AJ249395 8850 8875 0.44
Gp1_AJ249395 8875 8900 0.4
Gp1_AJ249395 8900 8925 0.56
Gp1_AJ249395 8925 8950 0.32
Gp1_AJ249395 8950 8975 0.32
Gp1_AJ249395 8975 9000 0.34
Gp1_AJ249395 9000 9025 0.48
Gp1_AJ249395 9025 9050 0.4
Gp1_AJ249395 9050 9075 0.48
Gp1_AJ249395 9075 9100 0.52
Gp1_AJ249395 9100 9125 0.36
Gp1_AJ249395 9125 9150 0.48
Gp1_AJ249395 9150 9175 0.44
Gp1_AJ249395 9175 9200 0.32
Gp1_AJ249395 9200 9225 0.52
Gp1_AJ249395 9225 9250 0.24
Gp1_AJ249395 9250 9275 0.56
Gp1_AJ249395 9275 9300 0.4
Gp1_AJ249395 9300 9325 0.44
Gp1_AJ249395 9325 9350 0.24
Gp1_AJ249395 9350 9375 0.12
Gp1_AJ249395 9375 9400 0.3
Gp1_AJ249395 9400 9425 0.24
Gp1_AJ249395 9425 9428 0.333
Gp2_DQ631911 0 25 0.16
Gp2_DQ631911 25 50 0.12
Gp2_DQ631911 50 75 0.56
Gp2_DQ631911 75 100 0.2
Gp2_DQ631911 100 125 0.2
Gp2_DQ631911 125 150 0.2
Gp2_DQ631911 150 175 0.2
Gp2_DQ631911 175 200 0.56
Gp2_DQ631911 200 225 0.28
Gp2_DQ631911 225 250 0.32
Gp2_DQ631911 250 275 0.36
Gp2_DQ631911 275 300 0.36
Gp2_DQ631911 300 325 0.44
Gp2_DQ631911 325 350 0.52
Gp2_DQ631911 350 375 0.4
Gp2_DQ631911 375 400 0.44
Gp2_DQ631911 400 425 0.56
Gp2_DQ631911 425 450 0.36
Gp2_DQ631911 450 475 0.32
Gp2_DQ631911 475 500 0.4
Gp2_DQ631911 500 525 0.4
Gp2_DQ631911 525 550 0.44
Gp2_DQ631911 550 575 0.08
Gp2_DQ631911 575 600 0.44
Gp2_DQ631911 600 625 0.52
Gp2_DQ631911 625 650 0.32
Gp2_DQ631911 650 675 0.16
Gp2_DQ631911 675 700 0.12
Gp2_DQ631911 700 725 0.2
Gp2_DQ631911 725 750 0.24
Gp2_DQ631911 750 775 0.08
Gp2_DQ631911 775 800 0.0
Gp2_DQ631911 800 825 0.16
Gp2_DQ631911 825 850 0.6
Gp2_DQ631911 850 875 0.36
Gp2_DQ631911 875 900 0.24
Gp2_DQ631911 900 925 0.16
Gp2_DQ631911 925 950 0.36
Gp2_DQ631911 950 975 0.16
Gp2_DQ631911 975 1000 0.32
Gp2_DQ631911 1000 1025 0.16
Gp2_DQ631911 1025 1050 0.24
Gp2_DQ631911 1050 1075 0.36
Gp2_DQ631911 1075 1100 0.16
Gp2_DQ631911 1100 1125 0.24
Gp2_DQ631911 1125 1150 0.16
Gp2_DQ631911 1150 1175 0.16
Gp2_DQ631911 1175 1200 0.16
Gp2_DQ631911 1200 1225 0.28
Gp2_DQ631911 1225 1250 0.36
Gp2_DQ631911 1250 1275 0.28
Gp2_DQ631911 1275 1300 0.48
Gp2_DQ631911 1300 1325 0.44
Gp2_DQ631911 1325 1350 0.36
Gp2_DQ631911 1350 1375 0.44
Gp2_DQ631911 1375 1400 0.08
Gp2_DQ631911 1400 1425 0.36
Gp2_DQ631911 1425 1450 0.24
Gp2_DQ631911 1450 1475 0.44
Gp2_DQ631911 1475 1500 0.28
Gp2_DQ631911 1500 1525 0.36
Gp2_DQ631911 1525 1550 0.56
Gp2_DQ631911 1550 1575 0.32
Gp2_DQ631911 1575 1600 0.32
Gp2_DQ631911 1600 1625 0.28
Gp2_DQ631911 1625 1650 0.24
Gp2_DQ631911 1650 1675 0.44
Gp2_DQ631911 1675 1700 0.2
Gp2_DQ631911 1700 1725 0.28
Gp2_DQ631911 1725 1750 0.56
Gp2_DQ631911 1750 1775 0.2
Gp2_DQ631911 1775 1800 0.04
Gp2_DQ631911 1800 1825 0.16
Gp2_DQ631911 1825 1850 0.2
Gp2_DQ631911 1850 1875 0.4
Gp2_DQ631911 1875 1900 0.16
Gp2_DQ631911 1900 1925 0.24
Gp2_DQ631911 1925 1950 0.16
Gp2_DQ631911 1950 1975 0.16
Gp2_DQ631911 1975 2000 0.48
Gp2_DQ631911 2000 2025 0.2
Gp2_DQ631911 2025 2050 0.12
Gp2_DQ631911 2050 2075 0.44
Gp2_DQ631911 2075 2100 0.24
Gp2_DQ631911 2100 2125 0.24
Gp2_DQ631911 2125 2150 0.08
Gp2_DQ631911 2150 2175 0.48
Gp2_DQ631911 2175 2200 0.36
Gp2_DQ631911 2200 2225 0.48
Gp2_DQ631911 2225 2250 0.52
Gp2_DQ631911 2250 2275 0.2
Gp2_DQ631911 2275 2300 0.32
Gp2_DQ631911 2300 2325 0.2
Gp2_DQ631911 2325 2350 0.28
Gp2_DQ631911 2350 2375 0.52
Gp2_DQ631911 2375 2400 0.52
Gp2_DQ631911 2400 2425 0.52
Gp2_DQ631911 2425 2450 0.28
Gp2_DQ631911 2450 2475 0.36
Gp2_DQ631911 2475 2500 0.36
Gp2_DQ631911 2500 2525 0.4
Gp2_DQ631911 2525 2550 0.4
Gp2_DQ631911 2550 2575 0.44
Gp2_DQ631911 2575 2600 0.52
Gp2_DQ631911 2600 2625 0.36
Gp2_DQ631911 2625 2650 0.44
Gp2_DQ631911 2650 2675 0.32
Gp2_DQ631911 2675 2700 0.4
Gp2_DQ631911 2700 2725 0.28
Gp2_DQ631911 2725 2750 0.32
Gp2_DQ631911 2750 2775 0.24
Gp2_DQ631911 2775 2800 0.24
Gp2_DQ631911 2800 2825 0.2
Gp2_DQ631911 2825 2850 0.2
Gp2_DQ631911 2850 2875 0.24
Gp2_DQ631911 2875 2900 0.32
Gp2_DQ631911 2900 2925 0.36
Gp2_DQ631911 2925 2950 0.2
Gp2_DQ631911 2950 2975 0.32
Gp2_DQ631911 2975 3000 0.36
Gp2_DQ631911 3000 3025 0.16
Gp2_DQ631911 3025 3050 0.16
Gp2_DQ631911 3050 3075 0.36
Gp2_DQ631911 3075 3100 0.28
Gp2_DQ631911 3100 3125 0.28
Gp2_DQ631911 3125 3150 0.28
Gp2_DQ631911 3150 3175 0.28
Gp2_DQ631911 3175 3200 0.24
Gp2_DQ631911 3200 3225 0.0
Gp2_DQ631911 3225 3250 0.36
Gp2_DQ631911 3250 3275 0.52
Gp2_DQ631911 3275 3300 0.52
Gp2_DQ631911 3300 3325 0.44
Gp2_DQ631911 3325 3350 0.16
Gp2_DQ631911 3350 3375 0.16
Gp2_DQ631911 3375 3400 0.28
Gp2_DQ631911 3400 3425 0.68
Gp2_DQ631911 3425 3450 0.44
Gp2_DQ631911 3450 3475 0.44
Gp2_DQ631911 3475 3500 0.16
Gp2_DQ631911 3500 3525 0.24
Gp2_DQ631911 3525 3550 0.2
Gp2_DQ631911 3550 3575 0.4
Gp2_DQ631911 3575 3600 0.2
Gp2_DQ631911 3600 3625 0.52
Gp2_DQ631911 3625 3650 0.24
Gp2_DQ631911 3650 3675 0.24
Gp2_DQ631911 3675 3700 0.04
Gp2_DQ631911 3700 3725 0.32
Gp2_DQ631911 3725 3750 0.16
Gp2_DQ631911 3750 3775 0.24
Gp2_DQ631911 3775 3800 0.28
Gp2_DQ631911 3800 3825 0.12
Gp2_DQ631911 3825 3850 0.4
Gp2_DQ631911 3850 3875 0.48
Gp2_DQ631911 3875 3900 0.28
Gp2_DQ631911 3900 3925 0.16
Gp2_DQ631911 3925 3950 0.28
Gp2_DQ631911 3950 3975 0.16
Gp2_DQ631911 3975 4000 0.16
Gp2_DQ631911 4000 4025 0.48
Gp2_DQ631911 4025 4050 0.48
Gp2_DQ631911 4050 4075 0.36
Gp2_DQ631911 4075 4100 0.36
Gp2_DQ631911 4100 4125 0.24
Gp2_DQ631911 4125 4150 0.24
Gp2_DQ631911 4150 4175 0.28
Gp2_DQ631911 4175 4200 0.4
Gp2_DQ631911 4200 4225 0.36
Gp2_DQ631911 4225 4250 0.36
Gp2_DQ631911 4250 4275 0.24
Gp2_DQ631911 4275 4300 0.24
Gp2_DQ631911 4300 4325 0.2
Gp2_DQ631911 4325 4350 0.12
Gp2_DQ631911 4350 4375 0.24
Gp2_DQ631911 4375 4400 0.16
Gp2_DQ631911 4400 4425 0.08
Gp2_DQ631911 4425 4450 0.2
Gp2_DQ631911 4450 4475 0.4
Gp2_DQ631911 4475 4500 0.08
Gp2_DQ631911 4500 4525 0.16
Gp2_DQ631911 4525 4550 0.12
Gp2_DQ631911 4550 4575 0.16
Gp2_DQ631911 4575 4600 0.4
Gp2_DQ631911 4600 4625 0.76
Gp2_DQ631911 4625 4650 0.56
Gp2_DQ631911 4650 4675 0.72
Gp2_DQ631911 4675 4700 0.32
Gp2_DQ631911 4700 4725 0.68
Gp2_DQ631911 4725 4750 0.6
Gp2_DQ631911 4750 4775 0.28
Gp2_DQ631911 4775 4800 0.56
Gp2_DQ631911 4800 4825 0.08
Gp2_DQ631911 4825 4850 0.36
Gp2_DQ631911 4850 4875 0.04
Gp2_DQ631911 4875 4900 0.12
Gp2_DQ631911 4900 4925 0.28
Gp2_DQ631911 4925 4950 0.28
Gp2_DQ631911 4950 4975 0.24
Gp2_DQ631911 4975 5000 0.12
Gp2_DQ631911 5000 5025 0.2
Gp2_DQ631911 5025 5050 0.24
Gp2_DQ631911 5050 5075 0.4
Gp2_DQ631911 5075 5100 0.2
Gp2_DQ631911 5100 5125 0.68
Gp2_DQ631911 5125 5150 0.36
Gp2_DQ631911 5150 5175 0.68
Gp2_DQ631911 5175 5200 0.32
Gp2_DQ631911 5200 5225 0.4
Gp2_DQ631911 5225 5250 0.24
Gp2_DQ631911 5250 5275 0.2
Gp2_DQ631911 5275 5300 0.32
Gp2_DQ631911 5300 5325 0.52
Gp2_DQ631911 5325 5350 0.32
Gp2_DQ631911 5350 5375 0.6
Gp2_DQ631911 5375 5400 0.28
Gp2_DQ631911 5400 5425 0.48
Gp2_DQ631911 5425 5450 0.44
Gp2_DQ631911 5450 5475 0.52
Gp2_DQ631911 5475 5500 0.32
Gp2_DQ631911 5500 5525 0.24
Gp2_DQ631911 5525 5550 0.56
Gp2_DQ631911 5550 5575 0.52
Gp2_DQ631911 5575 5600 0.36
Gp2_DQ631911 5600 5625 0.2
Gp2_DQ631911 5625 5650 0.28
Gp2_DQ631911 5650 5675 0.28
Gp2_DQ631911 5675 5700 0.48
Gp2_DQ631911 5700 5725 0.48
Gp2_DQ631911 5725 5750 0.6
Gp2_DQ631911 5750 5775 0.64
Gp2_DQ631911 5775 5800 0.4
Gp2_DQ631911 5800 5825 0.4
Gp2_DQ631911 5825 5850 0.44
Gp2_DQ631911 5850 5875 0.32
Gp2_DQ631911 5875 5900 0.6
Gp2_DQ631911 5900 5925 0.4
Gp2_DQ631911 5925 5950 0.28
Gp2_DQ631911 5950 5975 0.64
Gp2_DQ631911 5975 6000 0.2
Gp2_DQ631911 6000 6025 0.36
Gp2_DQ631911 6025 6050 0.16
Gp2_DQ631911 6050 6075 0.32
Gp2_DQ631911 6075 6100 0.32
Gp2_DQ631911 6100 6125 0.08
Gp2_DQ631911 6125 6150 0.4
Gp2_DQ631911 6150 6175 0.24
Gp2_DQ631911 6175 6200 0.28
Gp2_DQ631911 6200 6225 0.56
Gp2_DQ631911 6225 6250 0.36
Gp2_DQ631911 6250 6275 0.52
Gp2_DQ631911 6275 6300 0.48
Gp2_DQ631911 6300 6325 0.4
Gp2_DQ631911 6325 6350 0.52
Gp2_DQ631911 6350 6375 0.48
Gp2_DQ631911 6375 6400 0.52
Gp2_DQ631911 6400 6425 0.44
Gp2_DQ631911 6425 6450 0.48
Gp2_DQ631911 6450 6475 0.32
Gp2_DQ631911 6475 6500 0.12
Gp2_DQ631911 6500 6525 0.16
Gp2_DQ631911 6525 6550 0.48
Gp2_DQ631911 6550 6575 0.48
Gp2_DQ631911 6575 6600 0.32
Gp2_DQ631911 6600 6625 0.44
Gp2_DQ631911 6625 6650 0.44
Gp2_DQ631911 6650 6675 0.4
Gp2_DQ631911 6675 6700 0.48
Gp2_DQ631911 6700 6725 0.52
Gp2_DQ631911 6725 6750 0.48
Gp2_DQ631911 6750 6775 0.4
Gp2_DQ631911 6775 6800 0.44
Gp2_DQ631911 6800 6825 0.56
Gp2_DQ631911 6825 6850 0.56
Gp2_DQ631911 6850 6875 0.56
Gp2_DQ631911 6875 6900 0.68
Gp2_DQ631911 6900 6925 0.64
Gp2_DQ631911 6925 6950 0.56
Gp2_DQ631911 6950 6975 0.32
Gp2_DQ631911 6975 7000 0.56
Gp2_DQ631911 7000 7025 0.36
Gp2_DQ631911 7025 7050 0.4
Gp2_DQ631911 7050 7075 0.32
Gp2_DQ631911 7075 7100 0.44
Gp2_DQ631911 7100 7125 0.44
Gp2_DQ631911 7125 7150 0.44
Gp2_DQ631911 7150 7175 0.56
Gp2_DQ631911 7175 7200 0.32
Gp2_DQ631911 7200 7225 0.52
Gp2_DQ631911 7225 7250 0.48
Gp2_DQ631911 7250 7275 0.36
Gp2_DQ631911 7275 7300 0.4
Gp2_DQ631911 7300 7325 0.36
Gp2_DQ631911 7325 7350 0.52
Gp2_DQ631911 7350 7375 0.36
Gp2_DQ631911 7375 7400 0.52
Gp2_DQ631911 7400 7425 0.32
Gp2_DQ631911 7425 7450 0.12
Gp2_DQ631911 7450 7475 0.24
Gp2_DQ631911 7475 7500 0.12
Gp2_DQ631911 7500 7511 0.455
Gp3_DQ631912 0 25 0.16
Gp3_DQ631912 25 50 0.28
Gp3_DQ631912 50 75 0.32
Gp3_DQ631912 75 100 0.36
Gp3_DQ631912 100 125 0.2
Gp3_DQ631912 125 150 0.24
Gp3_DQ631912 150 175 0.16
Gp3_DQ631912 175 200 0.56
Gp3_DQ631912 200 225 0.32
Gp3_DQ631912 225 250 0.32
Gp3_DQ631912 250 275 0.2
Gp3_DQ631912 275 300 0.2
Gp3_DQ631912 300 325 0.2
Gp3_DQ631912 325 350 0.28
Gp3_DQ631912 350 375 0.12
Gp3_DQ631912 375 400 0.32
Gp3_DQ631912 400 425 0.4
Gp3_DQ631912 425 450 0.2
Gp3_DQ631912 450 475 0.2
Gp3_DQ631912 475 500 0.28
Gp3_DQ631912 500 525 0.44
Gp3_DQ631912 525 550 0.28
Gp3_DQ631912 550 575 0.24
Gp3_DQ631912 575 600 0.2
Gp3_DQ631912 600 625 0.36
Gp3_DQ631912 625 650 0.28
Gp3_DQ631912 650 675 0.32
Gp3_DQ631912 675 700 0.28
Gp3_DQ631912 700 725 0.4
Gp3_DQ631912 725 750 0.12
Gp3_DQ631912 750 775 0.28
Gp3_DQ631912 775 800 0.44
Gp3_DQ631912 800 825 0.52
Gp3_DQ631912 825 850 0.28
Gp3_DQ631912 850 875 0.36
Gp3_DQ631912 875 900 0.4
Gp3_DQ631912 900 925 0.24
Gp3_DQ631912 925 950 0.24
Gp3_DQ631912 950 975 0.32
Gp3_DQ631912 975 1000 0.24
Gp3_DQ631912 1000 1025 0.4
Gp3_DQ631912 1025 1050 0.24
Gp3_DQ631912 1050 1075 0.36
Gp3_DQ631912 1075 1100 0.16
Gp3_DQ631912 1100 1125 0.4
Gp3_DQ631912 1125 1150 0.2
Gp3_DQ631912 1150 1175 0.28
Gp3_DQ631912 1175 1200 0.36
Gp3_DQ631912 1200 1225 0.32
Gp3_DQ631912 1225 1250 0.24
Gp3_DQ631912 1250 1275 0.2
Gp3_DQ631912 1275 1300 0.48
Gp3_DQ631912 1300 1325 0.52
Gp3_DQ631912 1325 1350 0.2
Gp3_DQ631912 1350 1375 0.4
Gp3_DQ631912 1375 1400 0.48
Gp3_DQ631912 1400 1425 0.56
Gp3_DQ631912 1425 1450 0.16
Gp3_DQ631912 1450 1475 0.28
Gp3_DQ631912 1475 1500 0.36
Gp3_DQ631912 1500 1525 0.32
Gp3_DQ631912 1525 1550 0.16
Gp3_DQ631912 1550 1575 0.2
Gp3_DQ631912 1575 1600 0.24
Gp3_DQ631912 1600 1625 0.24
Gp3_DQ631912 1625 1650 0.24
Gp3_DQ631912 1650 1675 0.24
Gp3_DQ631912 1675 1700 0.28
Gp3_DQ631912 1700 1725 0.24
Gp3_DQ631912 1725 1750 0.32
Gp3_DQ631912 1750 1775 0.36
Gp3_DQ631912 1775 1800 0.36
Gp3_DQ631912 1800 1825 0.52
Gp3_DQ631912 1825 1850 0.32
Gp3_DQ631912 1850 1875 0.4
Gp3_DQ631912 1875 1900 0.36
Gp3_DQ631912 1900 1925 0.4
Gp3_DQ631912 1925 1950 0.24
Gp3_DQ631912 1950 1975 0.48
Gp3_DQ631912 1975 2000 0.44
Gp3_DQ631912 2000 2025 0.4
Gp3_DQ631912 2025 2050 0.2
Gp3_DQ631912 2050 2075 0.16
Gp3_DQ631912 2075 2100 0.24
Gp3_DQ631912 2100 2125 0.2
Gp3_DQ631912 2125 2150 0.2
Gp3_DQ631912 2150 2175 0.4
Gp3_DQ631912 2175 2200 0.56
Gp3_DQ631912 2200 2225 0.32
Gp3_DQ631912 2225 2250 0.44
Gp3_DQ631912 2250 2275 0.28
Gp3_DQ631912 2275 2300 0.24
Gp3_DQ631912 2300 2325 0.24
Gp3_DQ631912 2325 2350 0.36
Gp3_DQ631912 2350 2375 0.28
Gp3_DQ631912 2375 2400 0.24
Gp3_DQ631912 2400 2425 0.56
Gp3_DQ631912 2425 2450 0.44
Gp3_DQ631912 2450 2475 0.48
Gp3_DQ631912 2475 2500 0.6
Gp3_DQ631912 2500 2525 0.52
Gp3_DQ631912 2525 2550 0.48
Gp3_DQ631912 2550 2575 0.44
Gp3_DQ631912 2575 2600 0.64
Gp3_DQ631912 2600 2625 0.48
Gp3_DQ631912 2625 2650 0.68
Gp3_DQ631912 2650 2675 0.64
Gp3_DQ631912 2675 2700 0.56
Gp3_DQ631912 2700 2725 0.4
Gp3_DQ631912 2725 2750 0.24
Gp3_DQ631912 2750 2775 0.6
Gp3_DQ631912 2775 2800 0.28
Gp3_DQ631912 2800 2825 0.2
Gp3_DQ631912 2825 2850 0.36
Gp3_DQ631912 2850 2875 0.24
Gp3_DQ631912 2875 2900 0.44
Gp3_DQ631912 2900 2925 0.6
Gp3_DQ631912 2925 2950 0.56
Gp3_DQ631912 2950 2975 0.4
Gp3_DQ631912 2975 3000 0.4
Gp3_DQ631912 3000 3025 0.24
Gp3_DQ631912 3025 3050 0.48
Gp3_DQ631912 3050 3075 0.56
Gp3_DQ631912 3075 3100 0.36
Gp3_DQ631912 3100 3125 0.28
Gp3_DQ631912 3125 3150 0.4
Gp3_DQ631912 3150 3175 0.12
Gp3_DQ631912 3175 3200 0.28
Gp3_DQ631912 3200 3225 0.24
Gp3_DQ631912 3225 3250 0.2
Gp3_DQ631912 3250 3275 0.4
Gp3_DQ631912 3275 3300 0.32
Gp3_DQ631912 3300 3325 0.32
Gp3_DQ631912 3325 3350 0.24
Gp3_DQ631912 3350 3375 0.28
Gp3_DQ631912 3375 3400 0.16
Gp3_DQ631912 3400 3425 0.4
Gp3_DQ631912 3425 3450 0.4
Gp3_DQ631912 3450 3475 0.44
Gp3_DQ631912 3475 3500 0.52
Gp3_DQ631912 3500 3525 0.28
Gp3_DQ631912 3525 3550 0.4
Gp3_DQ631912 3550 3575 0.52
Gp3_DQ631912 3575 3600 0.44
Gp3_DQ631912 3600 3625 0.36
Gp3_DQ631912 3625 3650 0.24
Gp3_DQ631912 3650 3675 0.4
Gp3_DQ631912 3675 3700 0.24
Gp3_DQ631912 3700 3725 0.52
Gp3_DQ631912 3725 3750 0.28
Gp3_DQ631912 3750 3775 0.24
Gp3_DQ631912 3775 3800 0.36
Gp3_DQ631912 3800 3825 0.32
Gp3_DQ631912 3825 3850 0.64
Gp3_DQ631912 3850 3875 0.64
Gp3_DQ631912 3875 3900 0.56
Gp3_DQ631912 3900 3925 0.56
Gp3_DQ631912 3925 3950 0.4
Gp3_DQ631912 3950 3975 0.4
Gp3_DQ631912 3975 4000 0.28
Gp3_DQ631912 4000 4025 0.44
Gp3_DQ631912 4025 4050 0.48
Gp3_DQ631912 4050 4075 0.36
Gp3_DQ631912 4075 4100 0.44
Gp3_DQ631912 4100 4125 0.4
Gp3_DQ631912 4125 4150 0.2
Gp3_DQ631912 4150 4175 0.24
Gp3_DQ631912 4175 4200 0.04
Gp3_DQ631912 4200 4225 0.32
Gp3_DQ631912 4225 4250 0.44
Gp3_DQ631912 4250 4275 0.04
Gp3_DQ631912 4275 4300 0.36
Gp3_DQ631912 4300 4325 0.28
Gp3_DQ631912 4325 4350 0.28
Gp3_DQ631912 4350 4375 0.48
Gp3_DQ631912 4375 4400 0.36
Gp3_DQ631912 4400 4425 0.48
Gp3_DQ631912 4425 4450 0.48
Gp3_DQ631912 4450 4475 0.4
Gp3_DQ631912 4475 4500 0.48
Gp3_DQ631912 4500 4525 0.48
Gp3_DQ631912 4525 4550 0.48
Gp3_DQ631912 4550 4575 0.56
Gp3_DQ631912 4575 4600 0.32
Gp3_DQ631912 4600 4625 0.56
Gp3_DQ631912 4625 4650 0.2
Gp3_DQ631912 4650 4675 0.08
Gp3_DQ631912 4675 4700 0.36
Gp3_DQ631912 4700 4725 0.56
Gp3_DQ631912 4725 4750 0.2
Gp3_DQ631912 4750 4775 0.4
Gp3_DQ631912 4775 4800 0.4
Gp3_DQ631912 4800 4825 0.48
Gp3_DQ631912 4825 4850 0.52
Gp3_DQ631912 4850 4875 0.52
Gp3_DQ631912 4875 4900 0.48
Gp3_DQ631912 4900 4925 0.4
Gp3_DQ631912 4925 4950 0.32
Gp3_DQ631912 4950 4975 0.6
Gp3_DQ631912 4975 5000 0.52
Gp3_DQ631912 5000 5025 0.56
Gp3_DQ631912 5025 5050 0.52
Gp3_DQ631912 5050 5075 0.88
Gp3_DQ631912 5075 5100 0.52
Gp3_DQ631912 5100 5125 0.4
Gp3_DQ631912 5125 5150 0.4
Gp3_DQ631912 5150 5175 0.56
Gp3_DQ631912 5175 5200 0.28
Gp3_DQ631912 5200 5225 0.32
Gp3_DQ631912 5225 5250 0.32
Gp3_DQ631912 5250 5275 0.48
Gp3_DQ631912 5275 5300 0.4
Gp3_DQ631912 5300 5325 0.52
Gp3_DQ631912 5325 5350 0.52
Gp3_DQ631912 5350 5375 0.28
Gp3_DQ631912 5375 5400 0.56
Gp3_DQ631912 5400 5425 0.4
Gp3_DQ631912 5425 5450 0.36
Gp3_DQ631912 5450 5475 0.48
Gp3_DQ631912 5475 5500 0.24
Gp3_DQ631912 5500 5525 0.52
Gp3_DQ631912 5525 5550 0.4
Gp3_DQ631912 5550 5575 0.44
Gp3_DQ631912 5575 5600 0.28
Gp3_DQ631912 5600 5625 0.04
Gp3_DQ631912 5625 5650 0.28
Gp3_DQ631912 5650 5675 0.24
Gp3_DQ631912 5675 5700 0.28
Gp3_DQ631912 5700 5725 0.24
Gp3_DQ631912 5725 5750 0.2
Gp3_DQ631912 5750 5775 0.08
Gp3_DQ631912 5775 5800 0.12
Gp3_DQ631912 5800 5825 0.24
Gp3_DQ631912 5825 5850 0.44
Gp3_DQ631912 5850 5875 0.4
Gp3_DQ631912 5875 5900 0.4
Gp3_DQ631912 5900 5925 0.56
Gp3_DQ631912 5925 5950 0.52
Gp3_DQ631912 5950 5975 0.48
Gp3_DQ631912 5975 6000 0.44
Gp3_DQ631912 6000 6025 0.32
Gp3_DQ631912 6025 6050 0.24
Gp3_DQ631912 6050 6075 0.12
Gp3_DQ631912 6075 6100 0.28
Gp3_DQ631912 6100 6125 0.4
Gp3_DQ631912 6125 6150 0.68
Gp3_DQ631912 6150 6175 0.36
Gp3_DQ631912 6175 6200 0.36
Gp3_DQ631912 6200 6225 0.16
Gp3_DQ631912 6225 6250 0.44
Gp3_DQ631912 6250 6275 0.28
Gp3_DQ631912 6275 6300 0.2
Gp3_DQ631912 6300 6325 0.24
Gp3_DQ631912 6325 6350 0.4
Gp3_DQ631912 6350 6375 0.6
Gp3_DQ631912 6375 6400 0.48
Gp4_DQ631913 0 25 0.04
Gp4_DQ631913 25 50 0.32
Gp4_DQ631913 50 75 0.2
Gp4_DQ631913 75 100 0.64
Gp4_DQ631913 100 125 0.32
Gp4_DQ631913 125 150 0.52
Gp4_DQ631913 150 175 0.6
Gp4_DQ631913 175 200 0.36
Gp4_DQ631913 200 225 0.56
Gp4_DQ631913 225 250 0.52
Gp4_DQ631913 250 275 0.32
Gp4_DQ631913 275 300 0.36
Gp4_DQ631913 300 325 0.4
Gp4_DQ631913 325 350 0.4
Gp4_DQ631913 350 375 0.24
Gp4_DQ631913 375 400 0.2
Gp4_DQ631913 400 425 0.16
Gp4_DQ631913 425 450 0.24
Gp4_DQ631913 450 475 0.04
Gp4_DQ631913 475 500 0.12
Gp4_DQ631913 500 525 0.52
Gp4_DQ631913 525 550 0.28
Gp4_DQ631913 550 575 0.24
Gp4_DQ631913 575 600 0.04
Gp4_DQ631913 600 625 0.24
Gp4_DQ631913 625 650 0.16
Gp4_DQ631913 650 675 0.12
Gp4_DQ631913 675 700 0.12
Gp4_DQ631913 700 725 0.08
Gp4_DQ631913 725 750 0.28
Gp4_DQ631913 750 775 0.4
Gp4_DQ631913 775 800 0.16
Gp4_DQ631913 800 825 0.12
Gp4_DQ631913 825 850 0.04
Gp4_DQ631913 850 875 0.24
Gp4_DQ631913 875 900 0.28
Gp4_DQ631913 900 925 0.24
Gp4_DQ631913 925 950 0.2
Gp4_DQ631913 950 975 0.2
Gp4_DQ631913 975 1000 0.24
Gp4_DQ631913 1000 1025 0.4
Gp4_DQ631913 1025 1050 0.16
Gp4_DQ631913 1050 1075 0.24
Gp4_DQ631913 1075 1100 0.08
Gp4_DQ631913 1100 1125 0.16
Gp4_DQ631913 1125 1150 0.28
Gp4_DQ631913 1150 1175 0.2
Gp4_DQ631913 1175 1200 0.4
Gp4_DQ631913 1200 1225 0.24
Gp4_DQ631913 1225 1250 0.08
Gp4_DQ631913 1250 1275 0.36
Gp4_DQ631913 1275 1300 0.32
Gp4_DQ631913 1300 1325 0.32
Gp4_DQ631913 1325 1350 0.12
Gp4_DQ631913 1350 1375 0.28
Gp4_DQ631913 1375 1400 0.2
Gp4_DQ631913 1400 1425 0.36
Gp4_DQ631913 1425 1450 0.12
Gp4_DQ631913 1450 1475 0.04
Gp4_DQ631913 1475 1500 0.16
Gp4_DQ631913 1500 1525 0.12
Gp4_DQ631913 1525 1550 0.32
Gp4_DQ631913 1550 1575 0.4
Gp4_DQ631913 1575 1600 0.24
Gp4_DQ631913 1600 1625 0.08
Gp4_DQ631913 1625 1650 0.08
Gp4_DQ631913 1650 1675 0.12
Gp4_DQ631913 1675 1700 0.2
Gp4_DQ631913 1700 1725 0.36
Gp4_DQ631913 1725 1750 0.52
Gp4_DQ631913 1750 1775 0.4
Gp4_DQ631913 1775 1800 0.24
Gp4_DQ631913 1800 1825 0.36
Gp4_DQ631913 1825 1850 0.48
Gp4_DQ631913 1850 1875 0.4
Gp4_DQ631913 1875 1900 0.4
Gp4_DQ631913 1900 1925 0.2
Gp4_DQ631913 1925 1950 0.2
Gp4_DQ631913 1950 1975 0.16
Gp4_DQ631913 1975 2000 0.32
Gp4_DQ631913 2000 2025 0.28
Gp4_DQ631913 2025 2050 0.16
Gp4_DQ631913 2050 2075 0.44
Gp4_DQ631913 2075 2100 0.24
Gp4_DQ631913 2100 2125 0.2
Gp4_DQ631913 2125 2150 0.12
Gp4_DQ631913 2150 2175 0.28
Gp4_DQ631913 2175 2200 0.28
Gp4_DQ631913 2200 2225 0.36
Gp4_DQ631913 2225 2250 0.12
Gp4_DQ631913 2250 2275 0.16
Gp4_DQ631913 2275 2300 0.16
Gp4_DQ631913 2300 2325 0.24
Gp4_DQ631913 2325 2350 0.36
Gp4_DQ631913 2350 2375 0.04
Gp4_DQ631913 2375 2400 0.16
Gp4_DQ631913 2400 2425 0.24
Gp4_DQ631913 2425 2450 0.08
Gp4_DQ631913 2450 2475 0.12
Gp4_DQ631913 2475 2500 0.16
Gp4_DQ631913 2500 2525 0.36
Gp4_DQ631913 2525 2550 0.2
Gp4_DQ631913 2550 2575 0.08
Gp4_DQ631913 2575 2600 0.36
Gp4_DQ631913 2600 2625 0.08
Gp4_DQ631913 2625 2650 0.32
Gp4_DQ631913 2650 2675 0.16
Gp4_DQ631913 2675 2700 0.4
Gp4_DQ631913 2700 2725 0.28
Gp4_DQ631913 2725 2750 0.44
Gp4_DQ631913 2750 2775 0.44
Gp4_DQ631913 2775 2800 0.28
Gp4_DQ631913 2800 2825 0.32
Gp4_DQ631913 2825 2850 0.16
Gp4_DQ631913 2850 2875 0.12
Gp4_DQ631913 2875 2900 0.2
Gp4_DQ631913 2900 2925 0.08
Gp4_DQ631913 2925 2950 0.32
Gp4_DQ631913 2950 2975 0.12
Gp4_DQ631913 2975 3000 0.32
Gp4_DQ631913 3000 3025 0.24
Gp4_DQ631913 3025 3050 0.32
Gp4_DQ631913 3050 3075 0.2
Gp4_DQ631913 3075 3100 0.48
Gp4_DQ631913 3100 3125 0.24
Gp4_DQ631913 3125 3150 0.28
Gp4_DQ631913 3150 3175 0.2
Gp4_DQ631913 3175 3200 0.2
Gp4_DQ631913 3200 3225 0.24
Gp4_DQ631913 3225 3250 0.32
Gp4_DQ631913 3250 3275 0.32
Gp4_DQ631913 3275 3300 0.12
Gp4_DQ631913 3300 3325 0.16
Gp4_DQ631913 3325 3350 0.48
Gp4_DQ631913 3350 3375 0.04
Gp4_DQ631913 3375 3400 0.24
Gp4_DQ631913 3400 3425 0.08
Gp4_DQ631913 3425 3450 0.32
Gp4_DQ631913 3450 3475 0.48
Gp4_DQ631913 3475 3500 0.6
Gp4_DQ631913 3500 3525 0.6
Gp4_DQ631913 3525 3550 0.56
Gp4_DQ631913 3550 3575 0.4
Gp4_DQ631913 3575 3600 0.64
Gp4_DQ631913 3600 3625 0.72
Gp4_DQ631913 3625 3650 0.24
Gp4_DQ631913 3650 3675 0.4
Gp4_DQ631913 3675 3700 0.12
Gp4_DQ631913 3700 3725 0.28
Gp4_DQ631913 3725 3750 0.04
Gp4_DQ631913 3750 3775 0.16
Gp4_DQ631913 3775 3800 0.28
Gp4_DQ631913 3800 3825 0.24
Gp4_DQ631913 3825 3850 0.28
Gp4_DQ631913 3850 3875 0.12
Gp4_DQ631913 3875 3900 0.2
Gp4_DQ631913 3900 3925 0.24
Gp4_DQ631913 3925 3950 0.32
Gp4_DQ631913 3950 3975 0.32
Gp4_DQ631913 3975 4000 0.36
Gp4_DQ631913 4000 4025 0.6
Gp4_DQ631913 4025 4050 0.68
Gp4_DQ631913 4050 4075 0.32
Gp4_DQ631913 4075 4100 0.28
Gp4_DQ631913 4100 4125 0.24
Gp4_DQ631913 4125 4150 0.32
Gp4_DQ631913 4150 4175 0.32
Gp4_DQ631913 4175 4200 0.48
Gp4_DQ631913 4200 4225 0.4
Gp4_DQ631913 4225 4250 0.4
Gp4_DQ631913 4250 4275 0.44
Gp4_DQ631913 4275 4300 0.44
Gp4_DQ631913 4300 4325 0.56
Gp4_DQ631913 4325 4350 0.32
Gp4_DQ631913 4350 4375 0.36
Gp4_DQ631913 4375 4400 0.4
Gp4_DQ631913 4400 4425 0.44
Gp4_DQ631913 4425 4450 0.48
Gp4_DQ631913 4450 4475 0.2
Gp4_DQ631913 4475 4500 0.36
Gp4_DQ631913 4500 4525 0.28
Gp4_DQ631913 4525 4550 0.36
Gp4_DQ631913 4550 4575 0.28
Gp4_DQ631913 4575 4600 0.28
Gp4_DQ631913 4600 4625 0.44
Gp4_DQ631913 4625 4650 0.6
Gp4_DQ631913 4650 4675 0.6
Gp4_DQ631913 4675 4700 0.4
Gp4_DQ631913 4700 4725 0.48
Gp4_DQ631913 4725 4750 0.36
Gp4_DQ631913 4750 4775 0.32
Gp4_DQ631913 4775 4800 0.52
Gp4_DQ631913 4800 4825 0.44
Gp4_DQ631913 4825 4850 0.36
Gp4_DQ631913 4850 4875 0.6
Gp4_DQ631913 4875 4900 0.36
Gp4_DQ631913 4900 4925 0.32
Gp4_DQ631913 4925 4950 0.08
Gp4_DQ631913 4950 4975 0.32
Gp4_DQ631913 4975 5000 0.36
Gp4_DQ631913 5000 5025 0.16
Gp4_DQ631913 5025 5050 0.24
Gp4_DQ631913 5050 5075 0.32
Gp4_DQ631913 5075 5100 0.24
Gp4_DQ631913 5100 5125 0.36
Gp4_DQ631913 5125 5150 0.48
Gp4_DQ631913 5150 5175 0.48
Gp4_DQ631913 5175 5200 0.4
Gp4_DQ631913 5200 5225 0.48
Gp4_DQ631913 5225 5250 0.4
Gp4_DQ631913 5250 5275 0.4
Gp4_DQ631913 5275 5300 0.56
Gp4_DQ631913 5300 5325 0.36
Gp4_DQ631913 5325 5350 0.56
Gp4_DQ631913 5350 5375 0.2
Gp4_DQ631913 5375 5400 0.08
Gp4_DQ631913 5400 5425 0.44
Gp4_DQ631913 5425 5450 0.4
Gp4_DQ631913 5450 5475 0.28
Gp4_DQ631913 5475 5500 0.56
Gp4_DQ631913 5500 5525 0.32
Gp4_DQ631913 5525 5550 0.32
Gp4_DQ631913 5550 5575 0.36
Gp4_DQ631913 5575 5600 0.32
Gp4_DQ631913 5600 5625 0.4
Gp4_DQ631913 5625 5650 0.44
Gp4_DQ631913 5650 5675 0.64
Gp4_DQ631913 5675 5700 0.28
Gp4_DQ631913 5700 5725 0.36
Gp4_DQ631913 5725 5750 0.4
Gp4_DQ631913 5750 5775 0.48
Gp4_DQ631913 5775 5800 0.6
Gp4_DQ631913 5800 5825 0.48
Gp4_DQ631913 5825 5850 0.52
Gp4_DQ631913 5850 5875 0.28
Gp4_DQ631913 5875 5900 0.6
Gp4_DQ631913 5900 5925 0.52
Gp4_DQ631913 5925 5950 0.24
Gp4_DQ631913 5950 5975 0.36
Gp4_DQ631913 5975 6000 0.4
Gp4_DQ631913 6000 6025 0.44
Gp4_DQ631913 6025 6050 0.52
Gp4_DQ631913 6050 6075 0.52
Gp4_DQ631913 6075 6100 0.4
Gp4_DQ631913 6100 6125 0.32
Gp4_DQ631913 6125 6150 0.6
Gp4_DQ631913 6150 6175 0.36
Gp4_DQ631913 6175 6200 0.36
Gp4_DQ631913 6200 6225 0.36
Gp4_DQ631913 6225 6250 0.32
Gp4_DQ631913 6250 6275 0.56
Gp4_DQ631913 6275 6300 0.4
Gp4_DQ631913 6300 6325 0.36
Gp4_DQ631913 6325 6350 0.28
Gp4_DQ631913 6350 6375 0.08
Gp4_DQ631913 6375 6400 0.24
Gp4_DQ631913 6400 6425 0.28
Gp4_DQ631913 6425 6450 0.24
Gp4_DQ631913 6450 6475 0.32
Gp4_DQ631913 6475 6500 0.16
Gp4_DQ631913 6500 6525 0.16
Gp4_DQ631913 6525 6550 0.2
Gp4_DQ631913 6550 6575 0.2
Gp4_DQ631913 6575 6600 0.4
Gp4_DQ631913 6600 6625 0.36
Gp4_DQ631913 6625 6650 0.32
Gp4_DQ631913 6650 6675 0.24
Gp4_DQ631913 6675 6700 0.28
Gp4_DQ631913 6700 6725 0.2
Gp4_DQ631913 6725 6750 0.12
Gp4_DQ631913 6750 6775 0.16
Gp4_DQ631913 6775 6800 0.2
Gp4_DQ631913 6800 6825 0.24
Gp4_DQ631913 6825 6850 0.36
Gp4_DQ631913 6850 6875 0.36
Gp4_DQ631913 6875 6900 0.2
Gp4_DQ631913 6900 6925 0.48
Gp4_DQ631913 6925 6950 0.32
Gp4_DQ631913 6950 6975 0.28
Gp4_DQ631913 6975 7000 0.36
Gp4_DQ631913 7000 7025 0.32
Gp4_DQ631913 7025 7050 0.48
Gp4_DQ631913 7050 7075 0.32
Gp4_DQ631913 7075 7100 0.16
Gp4_DQ631913 7100 7125 0.2
Gp4_DQ631913 7125 7150 0.36
Gp4_DQ631913 7150 7175 0.24
Gp4_DQ631913 7175 7200 0.4
Gp4_DQ631913 7200 7225 0.36
Gp4_DQ631913 7225 7250 0.44
Gp4_DQ631913 7250 7275 0.08
Gp4_DQ631913 7275 7300 0.28
Gp4_DQ631913 7300 7325 0.24
Gp4_DQ631913 7325 7350 0.28
Gp4_DQ631913 7350 7375 0.4
Gp4_DQ631913 7375 7400 0.36
Gp4_DQ631913 7400 7425 0.16
Gp4_DQ631913 7425 7450 0.4
Gp4_DQ631913 7450 7475 0.32
Gp4_DQ631913 7475 7500 0.36
Gp4_DQ631913 7500 7525 0.32
Gp4_DQ631913 7525 7550 0.44
Gp4_DQ631913 7550 7560 0.6
Gp5_DQ631914 0 25 0.44
Gp5_DQ631914 25 50 0.36
Gp5_DQ631914 50 75 0.52
Gp5_DQ631914 75 100 0.52
Gp5_DQ631914 100 125 0.44
Gp5_DQ631914 125 150 0.16
Gp5_DQ631914 150 175 0.56
Gp5_DQ631914 175 200 0.2
Gp5_DQ631914 200 225 0.36
Gp5_DQ631914 225 250 0.4
Gp5_DQ631914 250 275 0.44
Gp5_DQ631914 275 300 0.28
Gp5_DQ631914 300 325 0.56
Gp5_DQ631914 325 350 0.52
Gp5_DQ631914 350 375 0.64
Gp5_DQ631914 375 400 0.56
Gp5_DQ631914 400 425 0.4
Gp5_DQ631914 425 450 0.32
Gp5_DQ631914 450 475 0.32
Gp5_DQ631914 475 500 0.2
Gp5_DQ631914 500 525 0.16
Gp5_DQ631914 525 550 0.48
Gp5_DQ631914 550 575 0.28
Gp5_DQ631914 575 600 0.16
Gp5_DQ631914 600 625 0.52
Gp5_DQ631914 625 650 0.28
Gp5_DQ631914 650 675 0.4
Gp5_DQ631914 675 700 0.56
Gp5_DQ631914 700 725 0.6
Gp5_DQ631914 725 750 0.28
Gp5_DQ631914 750 775 0.48
Gp5_DQ631914 775 800 0.36
Gp5_DQ631914 800 825 0.56
Gp5_DQ631914 825 850 0.4
Gp5_DQ631914 850 875 0.48
Gp5_DQ631914 875 900 0.36
Gp5_DQ631914 900 925 0.32
Gp5_DQ631914 925 950 0.12
Gp5_DQ631914 950 975 0.36
Gp5_DQ631914 975 1000 0.52
Gp5_DQ631914 1000 1025 0.32
Gp5_DQ631914 1025 1050 0.4
Gp5_DQ631914 1050 1075 0.28
Gp5_DQ631914 1075 1100 0.44
Gp5_DQ631914 1100 1125 0.24
Gp5_DQ631914 1125 1150 0.32
Gp5_DQ631914 1150 1175 0.2
Gp5_DQ631914 1175 1200 0.36
Gp5_DQ631914 1200 1225 0.24
Gp5_DQ631914 1225 1250 0.6
Gp5_DQ631914 1250 1275 0.24
Gp5_DQ631914 1275 1300 0.24
Gp5_DQ631914 1300 1325 0.28
Gp5_DQ631914 1325 1350 0.16
Gp5_DQ631914 1350 1375 0.52
Gp5_DQ631914 1375 1400 0.44
Gp5_DQ631914 1400 1425 0.36
Gp5_DQ631914 1425 1450 0.36
Gp5_DQ631914 1450 1475 0.56
Gp5_DQ631914 1475 1500 0.56
Gp5_DQ631914 1500 1525 0.6
Gp5_DQ631914 1525 1550 0.4
Gp5_DQ631914 1550 1575 0.4
Gp5_DQ631914 1575 1600 0.36
Gp5_DQ631914 1600 1625 0.12
Gp5_DQ631914 1625 1650 0.28
Gp5_DQ631914 1650 1675 0.44
Gp5_DQ631914 1675 1700 0.32
Gp5_DQ631914 1700 1725 0.36
Gp5_DQ631914 1725 1750 0.2
Gp5_DQ631914 1750 1775 0.4
Gp5_DQ631914 1775 1800 0.52
Gp5_DQ631914 1800 1825 0.52
Gp5_DQ631914 1825 1850 0.68
Gp5_DQ631914 1850 1875 0.48
Gp5_DQ631914 1875 1900 0.6
Gp5_DQ631914 1900 1925 0.64
Gp5_DQ631914 1925 1950 0.48
Gp5_DQ631914 1950 1975 0.52
Gp5_DQ631914 1975 2000 0.6
Gp5_DQ631914 2000 2025 0.64
Gp5_DQ631914 2025 2050 0.48
Gp5_DQ631914 2050 2075 0.4
Gp5_DQ631914 2075 2100 0.72
Gp5_DQ631914 2100 2125 0.6
Gp5_DQ631914 2125 2150 0.72
Gp5_DQ631914 2150 2175 0.44
Gp5_DQ631914 2175 2200 0.6
Gp5_DQ631914 2200 2225 0.4
Gp5_DQ631914 2225 2250 0.48
Gp5_DQ631914 2250 2275 0.32
Gp5_DQ631914 2275 2300 0.44
Gp5_DQ631914 2300 2325 0.52
Gp5_DQ631914 2325 2350 0.6
Gp5_DQ631914 2350 2375 0.44
Gp5_DQ631914 2375 2400 0.32
Gp5_DQ631914 2400 2425 0.52
Gp5_DQ631914 2425 2450 0.48
Gp5_DQ631914 2450 2475 0.72
Gp5_DQ631914 2475 2500 0.44
Gp5_DQ631914 2500 2525 0.4
Gp5_DQ631914 2525 2550 0.36
Gp5_DQ631914 2550 2575 0.64
Gp5_DQ631914 2575 2600 0.68
Gp5_DQ631914 2600 2625 0.52
Gp5_DQ631914 2625 2650 0.48
Gp5_DQ631914 2650 2675 0.56
Gp5_DQ631914 2675 2700 0.36
Gp5_DQ631914 2700 2725 0.4
Gp5_DQ631914 2725 2750 0.12
Gp5_DQ631914 2750 2775 0.4
Gp5_DQ631914 2775 2800 0.16
Gp5_DQ631914 2800 2825 0.12
Gp5_DQ631914 2825 2850 0.2
Gp5_DQ631914 2850 2875 0.28
Gp5_DQ631914 2875 2900 0.16
Gp5_DQ631914 2900 2925 0.28
Gp5_DQ631914 2925 2950 0.2
Gp5_DQ631914 2950 2975 0.2
Gp5_DQ631914 2975 3000 0.24
Gp5_DQ631914 3000 3025 0.64
Gp5_DQ631914 3025 3050 0.48
Gp5_DQ631914 3050 3075 0.44
Gp5_DQ631914 3075 3100 0.36
Gp5_DQ631914 3100 3125 0.52
Gp5_DQ631914 3125 3150 0.12
Gp5_DQ631914 3150 3175 0.44
Gp5_DQ631914 3175 3200 0.04
Gp5_DQ631914 3200 3225 0.08
Gp5_DQ631914 3225 3250 0.2
Gp5_DQ631914 3250 3275 0.36
Gp5_DQ631914 3275 3300 0.12
Gp5_DQ631914 3300 3325 0.24
Gp5_DQ631914 3325 3350 0.24
Gp5_DQ631914 3350 3375 0.12
Gp5_DQ631914 3375 3400 0.32
Gp5_DQ631914 3400 3425 0.2
Gp5_DQ631914 3425 3450 0.48
Gp5_DQ631914 3450 3475 0.28
Gp5_DQ631914 3475 3500 0.48
Gp5_DQ631914 3500 3525 0.56
Gp5_DQ631914 3525 3550 0.4
Gp5_DQ631914 3550 3575 0.52
Gp5_DQ631914 3575 3600 0.36
Gp5_DQ631914 3600 3625 0.44
Gp5_DQ631914 3625 3650 0.28
Gp5_DQ631914 3650 3675 0.32
Gp5_DQ631914 3675 3700 0.32
Gp5_DQ631914 3700 3725 0.4
Gp5_DQ631914 3725 3750 0.4
Gp5_DQ631914 3750 3775 0.56
Gp5_DQ631914 3775 3800 0.6
Gp5_DQ631914 3800 3825 0.36
Gp5_DQ631914 3825 3850 0.36
Gp5_DQ631914 3850 3875 0.36
Gp5_DQ631914 3875 3900 0.36
Gp5_DQ631914 3900 3925 0.44
Gp5_DQ631914 3925 3950 0.4
Gp5_DQ631914 3950 3975 0.56
Gp5_DQ631914 3975 4000 0.4
Gp5_DQ631914 4000 4025 0.4
Gp5_DQ631914 4025 4050 0.56
Gp5_DQ631914 4050 4075 0.36
Gp5_DQ631914 4075 4100 0.6
Gp5_DQ631914 4100 4125 0.36
Gp5_DQ631914 4125 4150 0.56
Gp5_DQ631914 4150 4175 0.36
Gp5_DQ631914 4175 4200 0.4
Gp5_DQ631914 4200 4225 0.48
Gp5_DQ631914 4225 4250 0.52
Gp5_DQ631914 4250 4275 0.36
Gp5_DQ631914 4275 4300 0.2
Gp5_DQ631914 4300 4325 0.64
Gp5_DQ631914 4325 4350 0.48
Gp5_DQ631914 4350 4375 0.44
Gp5_DQ631914 4375 4400 0.32
Gp5_DQ631914 4400 4425 0.2
Gp5_DQ631914 4425 4450 0.32
Gp5_DQ631914 4450 4475 0.36
Gp5_DQ631914 4475 4500 0.36
Gp5_DQ631914 4500 4525 0.6
Gp5_DQ631914 4525 4550 0.68
Gp5_DQ631914 4550 4575 0.4
Gp5_DQ631914 4575 4600 0.44
Gp5_DQ631914 4600 4625 0.44
Gp5_DQ631914 4625 4650 0.28
Gp5_DQ631914 4650 4675 0.6
Gp5_DQ631914 4675 4700 0.4
Gp5_DQ631914 4700 4725 0.28
Gp5_DQ631914 4725 4750 0.56
Gp5_DQ631914 4750 4775 0.24
Gp5_DQ631914 4775 4800 0.32
Gp5_DQ631914 4800 4825 0.08
Gp5_DQ631914 4825 4850 0.32
Gp5_DQ631914 4850 4875 0.36
Gp5_DQ631914 4875 4900 0.12
Gp5_DQ631914 4900 4925 0.36
Gp5_DQ631914 4925 4950 0.24
Gp5_DQ631914 4950 4975 0.32
Gp5_DQ631914 4975 5000 0.36
Gp5_DQ631914 5000 5025 0.44
Gp5_DQ631914 5025 5050 0.48
Gp5_DQ631914 5050 5075 0.36
Gp5_DQ631914 5075 5100 0.48
Gp5_DQ631914 5100 5125 0.44
Gp5_DQ631914 5125 5150 0.44
Gp5_DQ631914 5150 5175 0.44
Gp5_DQ631914 5175 5200 0.36
Gp5_DQ631914 5200 5225 0.6
Gp5_DQ631914 5225 5250 0.12
Gp5_DQ631914 5250 5275 0.08
Gp5_DQ631914 5275 5300 0.48
Gp5_DQ631914 5300 5325 0.36
Gp5_DQ631914 5325 5350 0.2
Gp5_DQ631914 5350 5375 0.52
Gp5_DQ631914 5375 5400 0.32
Gp5_DQ631914 5400 5425 0.32
Gp5_DQ631914 5425 5450 0.44
Gp5_DQ631914 5450 5475 0.28
Gp5_DQ631914 5475 5500 0.36
Gp5_DQ631914 5500 5525 0.52
Gp5_DQ631914 5525 5550 0.56
Gp5_DQ631914 5550 5575 0.32
Gp5_DQ631914 5575 5600 0.32
Gp5_DQ631914 5600 5625 0.48
Gp5_DQ631914 5625 5650 0.48
Gp5_DQ631914 5650 5675 0.56
Gp5_DQ631914 5675 5700 0.56
Gp5_DQ631914 5700 5725 0.44
Gp5_DQ631914 5725 5750 0.28
Gp5_DQ631914 5750 5775 0.64
Gp5_DQ631914 5775 5800 0.4
Gp5_DQ631914 5800 5825 0.32
Gp5_DQ631914 5825 5850 0.32
Gp5_DQ631914 5850 5875 0.44
Gp5_DQ631914 5875 5900 0.44
Gp5_DQ631914 5900 5925 0.48
Gp5_DQ631914 5925 5950 0.6
Gp5_DQ631914 5950 5975 0.36
Gp5_DQ631914 5975 6000 0.36
Gp5_DQ631914 6000 6025 0.6
Gp5_DQ631914 6025 6050 0.4
Gp5_DQ631914 6050 6075 0.28
Gp5_DQ631914 6075 6100 0.32
Gp5_DQ631914 6100 6125 0.48
Gp5_DQ631914 6125 6150 0.4
Gp5_DQ631914 6150 6175 0.48
Gp5_DQ631914 6175 6200 0.4
Gp5_DQ631914 6200 6225 0.2
Gp5_DQ631914 6225 6250 0.08
Gp5_DQ631914 6250 6275 0.28
Gp5_DQ631914 6275 6300 0.28
Gp5_DQ631914 6300 6325 0.24
Gp5_DQ631914 6325 6350 0.28
Gp5_DQ631914 6350 6375 0.2
Gp5_DQ631914 6375 6400 0.2
Gp5_DQ631914 6400 6425 0.2
Gp5_DQ631914 6425 6450 0.36
Gp5_DQ631914 6450 6475 0.6
Gp5_DQ631914 6475 6500 0.52
Gp5_DQ631914 6500 6525 0.32
Gp5_DQ631914 6525 6550 0.24
Gp5_DQ631914 6550 6575 0.28
Gp5_DQ631914 6575 6600 0.4
Gp5_DQ631914 6600 6625 0.24
Gp5_DQ631914 6625 6650 0.48
Gp5_DQ631914 6650 6675 0.4
Gp5_DQ631914 6675 6700 0.36
Gp5_DQ631914 6700 6725 0.08
Gp5_DQ631914 6725 6750 0.24
Gp5_DQ631914 6750 6775 0.36
Gp5_DQ631914 6775 6800 0.08
Gp5_DQ631914 6800 6825 0.32
Gp5_DQ631914 6825 6850 0.32
Gp5_DQ631914 6850 6875 0.24
Gp5_DQ631914 6875 6900 0.2
Gp5_DQ631914 6900 6925 0.12
Gp5_DQ631914 6925 6950 0.16
Gp5_DQ631914 6950 6975 0.44
Gp5_DQ631914 6975 7000 0.32
Gp5_DQ631914 7000 7025 0.36
Gp5_DQ631914 7025 7050 0.2
Gp5_DQ631914 7050 7075 0.4
Gp5_DQ631914 7075 7100 0.04
Gp5_DQ631914 7100 7125 0.44
Gp5_DQ631914 7125 7150 0.32
Gp5_DQ631914 7150 7175 0.24
Gp5_DQ631914 7175 7200 0.32
Gp5_DQ631914 7200 7225 0.16
Gp5_DQ631914 7225 7250 0.28
Gp5_DQ631914 7250 7275 0.4
Gp5_DQ631914 7275 7300 0.36
Gp5_DQ631914 7300 7325 0.28
Gp5_DQ631914 7325 7350 0.52
Gp5_DQ631914 7350 7375 0.32
Gp5_DQ631914 7375 7400 0.04
Gp5_DQ631914 7400 7425 0.4
Gp5_DQ631914 7425 7450 0.36
Gp5_DQ631914 7450 7472 0.273
Gr1_EF193005 0 25 0.08
Gr1_EF193005 25 50 0.28
Gr1_EF193005 50 75 0.16
Gr1_EF193005 75 100 0.08
Gr1_EF193005 100 125 0.14
Gr1_EF193005 125 150 0.16
Gr1_EF193005 150 175 0.44
Gr1_EF193005 175 200 0.24
Gr1_EF193005 200 225 0.32
Gr1_EF193005 225 250 0.24
Gr1_EF193005 250 275 0.18
Gr1_EF193005 275 300 0.12
Gr1_EF193005 300 325 0.28
Gr1_EF193005 325 350 0.2
Gr1_EF193005 350 375 0.28
Gr1_EF193005 375 400 0.44
Gr1_EF193005 400 425 0.12
Gr1_EF193005 425 450 0.18
Gr1_EF193005 450 475 0.12
Gr1_EF193005 475 500 0.3
Gr1_EF193005 500 525 0.32
Gr1_EF193005 525 550 0.34
Gr1_EF193005 550 575 0.22
Gr1_EF193005 575 600 0.32
Gr1_EF193005 600 625 0.56
Gr1_EF193005 625 650 0.32
Gr1_EF193005 650 675 0.42
Gr1_EF193005 675 700 0.32
Gr1_EF193005 700 725 0.04
Gr1_EF193005 725 750 0.32
Gr1_EF193005 750 775 0.44
Gr1_EF193005 775 800 0.4
Gr1_EF193005 800 825 0.24
Gr1_EF193005 825 850 0.52
Gr1_EF193005 850 875 0.48
Gr1_EF193005 875 900 0.28
Gr1_EF193005 900 925 0.12
Gr1_EF193005 925 950 0.32
Gr1_EF193005 950 975 0.44
Gr1_EF193005 975 1000 0.12
Gr1_EF193005 1000 1025 0.2
Gr1_EF193005 1025 1050 0.36
Gr1_EF193005 1050 1075 0.32
Gr1_EF193005 1075 1100 0.24
Gr1_EF193005 1100 1125 0.2
Gr1_EF193005 1125 1150 0.16
Gr1_EF193005 1150 1175 0.16
Gr1_EF193005 1175 1200 0.4
Gr1_EF193005 1200 1225 0.32
Gr1_EF193005 1225 1250 0.16
Gr1_EF193005 1250 1275 0.16
Gr1_EF193005 1275 1300 0.16
Gr1_EF193005 1300 1325 0.6
Gr1_EF193005 1325 1350 0.24
Gr1_EF193005 1350 1375 0.24
Gr1_EF193005 1375 1400 0.32
Gr1_EF193005 1400 1425 0.08
Gr1_EF193005 1425 1450 0.12
Gr1_EF193005 1450 1475 0.52
Gr1_EF193005 1475 1500 0.44
Gr1_EF193005 1500 1525 0.44
Gr1_EF193005 1525 1550 0.4
Gr1_EF193005 1550 1575 0.4
Gr1_EF193005 1575 1600 0.28
Gr1_EF193005 1600 1625 0.12
Gr1_EF193005 1625 1650 0.16
Gr1_EF193005 1650 1675 0.36
Gr1_EF193005 1675 1700 0.56
Gr1_EF193005 1700 1725 0.48
Gr1_EF193005 1725 1750 0.36
Gr1_EF193005 1750 1775 0.4
Gr1_EF193005 1775 1800 0.24
Gr1_EF193005 1800 1825 0.24
Gr1_EF193005 1825 1850 0.2
Gr1_EF193005 1850 1875 0.36
Gr1_EF193005 1875 1900 0.32
Gr1_EF193005 1900 1925 0.48
Gr1_EF193005 1925 1950 0.28
Gr1_EF193005 1950 1975 0.44
Gr1_EF193005 1975 2000 0.52
Gr1_EF193005 2000 2025 0.16
Gr1_EF193005 2025 2050 0.4
Gr1_EF193005 2050 2075 0.24
Gr1_EF193005 2075 2100 0.32
Gr1_EF193005 2100 2125 0.2
Gr1_EF193005 2125 2150 0.24
Gr1_EF193005 2150 2175 0.12
Gr1_EF193005 2175 2200 0.44
Gr1_EF193005 2200 2225 0.16
Gr1_EF193005 2225 2250 0.2
Gr1_EF193005 2250 2275 0.12
Gr1_EF193005 2275 2300 0.48
Gr1_EF193005 2300 2325 0.32
Gr1_EF193005 2325 2350 0.32
Gr1_EF193005 2350 2375 0.24
Gr1_EF193005 2375 2400 0.2
Gr1_EF193005 2400 2425 0.2
Gr1_EF193005 2425 2450 0.36
Gr1_EF193005 2450 2475 0.12
Gr1_EF193005 2475 2500 0.08
Gr1_EF193005 2500 2525 0.28
Gr1_EF193005 2525 2550 0.48
Gr1_EF193005 2550 2575 0.6
Gr1_EF193005 2575 2600 0.12
Gr1_EF193005 2600 2625 0.24
Gr1_EF193005 2625 2650 0.28
Gr1_EF193005 2650 2675 0.32
Gr1_EF193005 2675 2700 0.24
Gr1_EF193005 2700 2725 0.52
Gr1_EF193005 2725 2750 0.24
Gr1_EF193005 2750 2775 0.36
Gr1_EF193005 2775 2800 0.32
Gr1_EF193005 2800 2825 0.24
Gr1_EF193005 2825 2850 0.2
Gr1_EF193005 2850 2875 0.28
Gr1_EF193005 2875 2900 0.2
Gr1_EF193005 2900 2925 0.48
Gr1_EF193005 2925 2950 0.24
Gr1_EF193005 2950 2975 0.32
Gr1_EF193005 2975 3000 0.48
Gr1_EF193005 3000 3025 0.4
Gr1_EF193005 3025 3050 0.52
Gr1_EF193005 3050 3075 0.4
Gr1_EF193005 3075 3100 0.4
Gr1_EF193005 3100 3125 0.2
Gr1_EF193005 3125 3150 0.24
Gr1_EF193005 3150 3175 0.28
Gr1_EF193005 3175 3200 0.24
Gr1_EF193005 3200 3225 0.12
Gr1_EF193005 3225 3250 0.2
Gr1_EF193005 3250 3275 0.12
Gr1_EF193005 3275 3300 0.16
Gr1_EF193005 3300 3325 0.36
Gr1_EF193005 3325 3350 0.28
Gr1_EF193005 3350 3375 0.36
Gr1_EF193005 3375 3400 0.36
Gr1_EF193005 3400 3425 0.4
Gr1_EF193005 3425 3450 0.36
Gr1_EF193005 3450 3475 0.12
Gr1_EF193005 3475 3500 0.32
Gr1_EF193005 3500 3525 0.28
Gr1_EF193005 3525 3550 0.24
Gr1_EF193005 3550 3575 0.32
Gr1_EF193005 3575 3600 0.56
Gr1_EF193005 3600 3625 0.28
Gr1_EF193005 3625 3650 0.08
Gr1_EF193005 3650 3675 0.28
Gr1_EF193005 3675 3700 0.16
Gr1_EF193005 3700 3725 0.28
Gr1_EF193005 3725 3750 0.24
Gr1_EF193005 3750 3775 0.4
Gr1_EF193005 3775 3800 0.28
Gr1_EF193005 3800 3825 0.24
Gr1_EF193005 3825 3850 0.08
Gr1_EF193005 3850 3875 0.24
Gr1_EF193005 3875 3900 0.08
Gr1_EF193005 3900 3925 0.24
Gr1_EF193005 3925 3950 0.16
Gr1_EF193005 3950 3975 0.48
Gr1_EF193005 3975 4000 0.4
Gr1_EF193005 4000 4025 0.16
Gr1_EF193005 4025 4050 0.32
Gr1_EF193005 4050 4075 0.4
Gr1_EF193005 4075 4100 0.24
Gr1_EF193005 4100 4125 0.16
Gr1_EF193005 4125 4150 0.28
Gr1_EF193005 4150 4175 0.2
Gr1_EF193005 4175 4200 0.28
Gr1_EF193005 4200 4225 0.4
Gr1_EF193005 4225 4250 0.2
Gr1_EF193005 4250 4275 0.16
Gr1_EF193005 4275 4300 0.36
Gr1_EF193005 4300 4325 0.44
Gr1_EF193005 4325 4350 0.12
Gr1_EF193005 4350 4375 0.24
Gr1_EF193005 4375 4400 0.2
Gr1_EF193005 4400 4425 0.32
Gr1_EF193005 4425 4450 0.32
Gr1_EF193005 4450 4475 0.32
Gr1_EF193005 4475 4500 0.4
Gr1_EF193005 4500 4525 0.32
Gr1_EF193005 4525 4550 0.36
Gr1_EF193005 4550 4575 0.36
Gr1_EF193005 4575 4600 0.4
Gr1_EF193005 4600 4625 0.24
Gr1_EF193005 4625 4650 0.12
Gr1_EF193005 4650 4675 0.24
Gr1_EF193005 4675 4700 0.32
Gr1_EF193005 4700 4725 0.36
Gr1_EF193005 4725 4750 0.44
Gr1_EF193005 4750 4775 0.48
Gr1_EF193005 4775 4800 0.48
Gr1_EF193005 4800 4825 0.12
Gr1_EF193005 4825 4850 0.36
Gr1_EF193005 4850 4875 0.2
Gr1_EF193005 4875 4900 0.36
Gr1_EF193005 4900 4925 0.4
Gr1_EF193005 4925 4950 0.36
Gr1_EF193005 4950 4975 0.24
Gr1_EF193005 4975 5000 0.24
Gr1_EF193005 5000 5025 0.48
Gr1_EF193005 5025 5050 0.44
Gr1_EF193005 5050 5075 0.44
Gr1_EF193005 5075 5100 0.44
Gr1_EF193005 5100 5125 0.56
Gr1_EF193005 5125 5150 0.56
Gr1_EF193005 5150 5175 0.32
Gr1_EF193005 5175 5200 0.56
Gr1_EF193005 5200 5225 0.44
Gr1_EF193005 5225 5250 0.48
Gr1_EF193005 5250 5275 0.4
Gr1_EF193005 5275 5300 0.52
Gr1_EF193005 5300 5325 0.52
Gr1_EF193005 5325 5350 0.56
Gr1_EF193005 5350 5375 0.6
Gr1_EF193005 5375 5400 0.68
Gr1_EF193005 5400 5425 0.6
Gr1_EF193005 5425 5450 0.36
Gr1_EF193005 5450 5475 0.44
Gr1_EF193005 5475 5500 0.16
Gr1_EF193005 5500 5525 0.28
Gr1_EF193005 5525 5550 0.04
Gr1_EF193005 5550 5575 0.36
Gr1_EF193005 5575 5600 0.32
Gr1_EF193005 5600 5625 0.16
Gr1_EF193005 5625 5650 0.24
Gr1_EF193005 5650 5675 0.64
Gr1_EF193005 5675 5700 0.32
Gr1_EF193005 5700 5725 0.48
Gr1_EF193005 5725 5750 0.36
Gr1_EF193005 5750 5775 0.52
Gr1_EF193005 5775 5800 0.2
Gr1_EF193005 5800 5825 0.24
Gr1_EF193005 5825 5850 0.48
Gr1_EF193005 5850 5875 0.64
Gr1_EF193005 5875 5900 0.52
Gr1_EF193005 5900 5925 0.52
Gr1_EF193005 5925 5950 0.52
Gr1_EF193005 5950 5975 0.52
Gr1_EF193005 5975 6000 0.56
Gr1_EF193005 6000 6025 0.48
Gr1_EF193005 6025 6050 0.2
Gr1_EF193005 6050 6075 0.44
Gr1_EF193005 6075 6100 0.28
Gr1_EF193005 6100 6125 0.24
Gr1_EF193005 6125 6150 0.4
Gr1_EF193005 6150 6175 0.6
Gr1_EF193005 6175 6200 0.4
Gr1_EF193005 6200 6225 0.24
Gr1_EF193005 6225 6250 0.12
Gr1_EF193005 6250 6275 0.52
Gr1_EF193005 6275 6300 0.48
Gr1_EF193005 6300 6325 0.48
Gr1_EF193005 6325 6350 0.4
Gr1_EF193005 6350 6375 0.36
Gr1_EF193005 6375 6400 0.12
Gr1_EF193005 6400 6425 0.68
Gr1_EF193005 6425 6450 0.6
Gr1_EF193005 6450 6475 0.4
Gr1_EF193005 6475 6500 0.36
Gr1_EF193005 6500 6525 0.44
Gr1_EF193005 6525 6550 0.36
Gr1_EF193005 6550 6575 0.48
Gr1_EF193005 6575 6600 0.36
Gr1_EF193005 6600 6625 0.32
Gr1_EF193005 6625 6650 0.4
Gr1_EF193005 6650 6675 0.16
Gr1_EF193005 6675 6700 0.2
Gr1_EF193005 6700 6725 0.12
Gr1_EF193005 6725 6750 0.2
Gr1_EF193005 6750 6775 0.72
Gr1_EF193005 6775 6800 0.68
Gr1_EF193005 6800 6825 0.48
Gr1_EF193005 6825 6850 0.4
Gr1_EF193005 6850 6875 0.32
Gr1_EF193005 6875 6900 0.48
Gr1_EF193005 6900 6925 0.64
Gr1_EF193005 6925 6950 0.48
Gr1_EF193005 6950 6975 0.24
Gr1_EF193005 6975 7000 0.32
Gr1_EF193005 7000 7025 0.16
Gr1_EF193005 7025 7050 0.32
Gr1_EF193005 7050 7075 0.36
Gr1_EF193005 7075 7100 0.08
Gr1_EF193005 7100 7125 0.38
Gr1_EF193005 7125 7150 0.24
Gr1_EF193005 7150 7175 0.24
Gr1_EF193005 7175 7200 0.36
Gr1_EF193005 7200 7225 0.48
Gr1_EF193005 7225 7250 0.38
Gr1_EF193005 7250 7275 0.4
Gr1_EF193005 7275 7300 0.52
Gr1_EF193005 7300 7325 0.4
Gr1_EF193005 7325 7350 0.48
Gr1_EF193005 7350 7375 0.56
Gr1_EF193005 7375 7400 0.48
Gr1_EF193005 7400 7425 0.28
Gr1_EF193005 7425 7450 0.24
Gr1_EF193005 7450 7475 0.28
Gr1_EF193005 7475 7500 0.56
Gr1_EF193005 7500 7525 0.38
Gr1_EF193005 7525 7550 0.52
Gr1_EF193005 7550 7575 0.26
Gr1_EF193005 7575 7600 0.36
Gr1_EF193005 7600 7625 0.32
Gr1_EF193005 7625 7650 0.56
Gr1_EF193005 7650 7675 0.36
Gr1_EF193005 7675 7700 0.36
Gr1_EF193005 7700 7725 0.4
Gr1_EF193005 7725 7750 0.44
Gr1_EF193005 7750 7775 0.52
Gr1_EF193005 7775 7800 0.6
Gr1_EF193005 7800 7825 0.6
Gr1_EF193005 7825 7850 0.48
Gr1_EF193005 7850 7875 0.48
Gr1_EF193005 7875 7900 0.44
Gr1_EF193005 7900 7925 0.48
Gr1_EF193005 7925 7950 0.52
Gr1_EF193005 7950 7975 0.48
Gr1_EF193005 7975 8000 0.64
Gr1_EF193005 8000 8025 0.4
Gr1_EF193005 8025 8050 0.64
Gr1_EF193005 8050 8075 0.64
Gr1_EF193005 8075 8100 0.28
Gr1_EF193005 8100 8125 0.48
Gr1_EF193005 8125 8150 0.56
Gr1_EF193005 8150 8175 0.28
Gr1_EF193005 8175 8200 0.32
Gr1_EF193005 8200 8225 0.4
Gr1_EF193005 8225 8250 0.36
Gr1_EF193005 8250 8275 0.48
Gr1_EF193005 8275 8300 0.4
Gr1_EF193005 8300 8325 0.56
Gr1_EF193005 8325 8350 0.32
Gr1_EF193005 8350 8375 0.64
Gr1_EF193005 8375 8400 0.36
Gr1_EF193005 8400 8425 0.4
Gr1_EF193005 8425 8450 0.24
Gr1_EF193005 8450 8475 0.36
Gr1_EF193005 8475 8500 0.44
Gr1_EF193005 8500 8525 0.36
Gr1_EF193005 8525 8550 0.44
Gr1_EF193005 8550 8575 0.24
Gr1_EF193005 8575 8600 0.16
Gr1_EF193005 8600 8625 0.2
Gr1_EF193005 8625 8650 0.24
Gr1_EF193005 8650 8675 0.32
Gr1_EF193005 8675 8700 0.56
Gr1_EF193005 8700 8725 0.32
Gr1_EF193005 8725 8750 0.44
Gr1_EF193005 8750 8775 0.28
Gr1_EF193005 8775 8800 0.2
Gr1_EF193005 8800 8825 0.16
Gr1_EF193005 8825 8850 0.04
Gr1_EF193005 8850 8875 0.32
Gr1_EF193005 8875 8900 0.16
Gr1_EF193005 8900 8925 0.12
Gr1_EF193005 8925 8950 0.32
Gr1_EF193005 8950 8975 0.36
Gr1_EF193005 8975 9000 0.44
Gr1_EF193005 9000 9025 0.32
Gr1_EF193005 9025 9050 0.52
Gr1_EF193005 9050 9075 0.12
Gr1_EF193005 9075 9100 0.64
Gr1_EF193005 9100 9125 0.4
Gr1_EF193005 9125 9150 0.32
Gr1_EF193005 9150 9175 0.36
Gr1_EF193005 9175 9200 0.2
Gr1_EF193005 9200 9210 0.2
Gr2_EF462976 0 25 0.16
Gr2_EF462976 25 50 0.28
Gr2_EF462976 50 75 0.32
Gr2_EF462976 75 100 0.36
Gr2_EF462976 100 125 0.16
Gr2_EF462976 125 150 0.24
Gr2_EF462976 150 175 0.12
Gr2_EF462976 175 200 0.64
Gr2_EF462976 200 225 0.36
Gr2_EF462976 225 250 0.32
Gr2_EF462976 250 275 0.16
Gr2_EF462976 275 300 0.24
Gr2_EF462976 300 325 0.16
Gr2_EF462976 325 350 0.28
Gr2_EF462976 350 375 0.16
Gr2_EF462976 375 400 0.2
Gr2_EF462976 400 425 0.44
Gr2_EF462976 425 450 0.24
Gr2_EF462976 450 475 0.16
Gr2_EF462976 475 500 0.28
Gr2_EF462976 500 525 0.48
Gr2_EF462976 525 550 0.24
Gr2_EF462976 550 575 0.2
Gr2_EF462976 575 600 0.28
Gr2_EF462976 600 625 0.32
Gr2_EF462976 625 650 0.28
Gr2_EF462976 650 675 0.32
Gr2_EF462976 675 700 0.24
Gr2_EF462976 700 725 0.48
Gr2_EF462976 725 750 0.12
Gr2_EF462976 750 775 0.24
Gr2_EF462976 775 800 0.44
Gr2_EF462976 800 825 0.56
Gr2_EF462976 825 850 0.28
Gr2_EF462976 850 875 0.28
Gr2_EF462976 875 900 0.44
Gr2_EF462976 900 925 0.44
Gr2_EF462976 925 950 0.56
Gr2_EF462976 950 975 0.28
Gr2_EF462976 975 1000 0.4
Gr2_EF462976 1000 1025 0.2
Gr2_EF462976 1025 1050 0.2
Gr2_EF462976 1050 1075 0.16
Gr2_EF462976 1075 1100 0.36
Gr2_EF462976 1100 1125 0.16
Gr2_EF462976 1125 1150 0.24
Gr2_EF462976 1150 1175 0.2
Gr2_EF462976 1175 1200 0.2
Gr2_EF462976 1200 1225 0.28
Gr2_EF462976 1225 1250 0.28
Gr2_EF462976 1250 1275 0.36
Gr2_EF462976 1275 1300 0.28
Gr2_EF462976 1300 1325 0.48
Gr2_EF462976 1325 1350 0.48
Gr2_EF462976 1350 1375 0.24
Gr2_EF462976 1375 1400 0.44
Gr2_EF462976 1400 1425 0.36
Gr2_EF462976 1425 1450 0.28
Gr2_EF462976 1450 1475 0.24
Gr2_EF462976 1475 1500 0.68
Gr2_EF462976 1500 1525 0.32
Gr2_EF462976 1525 1550 0.36
Gr2_EF462976 1550 1575 0.04
Gr2_EF462976 1575 1600 0.28
Gr2_EF462976 1600 1625 0.16
Gr2_EF462976 1625 1650 0.2
Gr2_EF462976 1650 1675 0.16
Gr2_EF462976 1675 1700 0.2
Gr2_EF462976 1700 1725 0.36
Gr2_EF462976 1725 1750 0.24
Gr2_EF462976 1750 1775 0.28
Gr2_EF462976 1775 1800 0.2
Gr2_EF462976 1800 1825 0.44
Gr2_EF462976 1825 1850 0.2
Gr2_EF462976 1850 1875 0.12
Gr2_EF462976 1875 1900 0.32
Gr2_EF462976 1900 1925 0.48
Gr2_EF462976 1925 1950 0.16
Gr2_EF462976 1950 1975 0.32
Gr2_EF462976 1975 2000 0.08
Gr2_EF462976 2000 2025 0.32
Gr2_EF462976 2025 2050 0.36
Gr2_EF462976 2050 2075 0.52
Gr2_EF462976 2075 2100 0.16
Gr2_EF462976 2100 2125 0.28
Gr2_EF462976 2125 2150 0.32
Gr2_EF462976 2150 2175 0.24
Gr2_EF462976 2175 2200 0.36
Gr2_EF462976 2200 2225 0.44
Gr2_EF462976 2225 2250 0.2
Gr2_EF462976 2250 2275 0.36
Gr2_EF462976 2275 2300 0.36
Gr2_EF462976 2300 2325 0.16
Gr2_EF462976 2325 2350 0.32
Gr2_EF462976 2350 2375 0.68
Gr2_EF462976 2375 2400 0.76
Gr2_EF462976 2400 2425 0.68
Gr2_EF462976 2425 2450 0.6
Gr2_EF462976 2450 2475 0.52
Gr2_EF462976 2475 2500 0.48
Gr2_EF462976 2500 2525 0.84
Gr2_EF462976 2525 2550 0.4
Gr2_EF462976 2550 2575 0.52
Gr2_EF462976 2575 2600 0.44
Gr2_EF462976 2600 2625 0.52
Gr2_EF462976 2625 2650 0.6
Gr2_EF462976 2650 2675 0.36
Gr2_EF462976 2675 2700 0.2
Gr2_EF462976 2700 2725 0.6
Gr2_EF462976 2725 2750 0.48
Gr2_EF462976 2750 2775 0.68
Gr2_EF462976 2775 2800 0.12
Gr2_EF462976 2800 2825 0.4
Gr2_EF462976 2825 2850 0.32
Gr2_EF462976 2850 2875 0.28
Gr2_EF462976 2875 2900 0.08
Gr2_EF462976 2900 2925 0.24
Gr2_EF462976 2925 2950 0.36
Gr2_EF462976 2950 2975 0.36
Gr2_EF462976 2975 3000 0.32
Gr2_EF462976 3000 3025 0.24
Gr2_EF462976 3025 3050 0.32
Gr2_EF462976 3050 3075 0.28
Gr2_EF462976 3075 3100 0.48
Gr2_EF462976 3100 3125 0.32
Gr2_EF462976 3125 3150 0.16
Gr2_EF462976 3150 3175 0.36
Gr2_EF462976 3175 3200 0.36
Gr2_EF462976 3200 3225 0.32
Gr2_EF462976 3225 3250 0.32
Gr2_EF462976 3250 3275 0.16
Gr2_EF462976 3275 3300 0.44
Gr2_EF462976 3300 3325 0.36
Gr2_EF462976 3325 3350 0.24
Gr2_EF462976 3350 3375 0.28
Gr2_EF462976 3375 3400 0.16
Gr2_EF462976 3400 3425 0.32
Gr2_EF462976 3425 3450 0.2
Gr2_EF462976 3450 3475 0.24
Gr2_EF462976 3475 3500 0.24
Gr2_EF462976 3500 3525 0.16
Gr2_EF462976 3525 3550 0.36
Gr2_EF462976 3550 3575 0.36
Gr2_EF462976 3575 3600 0.4
Gr2_EF462976 3600 3625 0.24
Gr2_EF462976 3625 3650 0.36
Gr2_EF462976 3650 3675 0.2
Gr2_EF462976 3675 3700 0.4
Gr2_EF462976 3700 3725 0.48
Gr2_EF462976 3725 3750 0.36
Gr2_EF462976 3750 3775 0.6
Gr2_EF462976 3775 3800 0.32
Gr2_EF462976 3800 3825 0.4
Gr2_EF462976 3825 3850 0.48
Gr2_EF462976 3850 3875 0.52
Gr2_EF462976 3875 3900 0.36
Gr2_EF462976 3900 3925 0.16
Gr2_EF462976 3925 3950 0.48
Gr2_EF462976 3950 3975 0.32
Gr2_EF462976 3975 4000 0.4
Gr2_EF462976 4000 4025 0.32
Gr2_EF462976 4025 4050 0.36
Gr2_EF462976 4050 4075 0.4
Gr2_EF462976 4075 4100 0.68
Gr2_EF462976 4100 4125 0.6
Gr2_EF462976 4125 4150 0.64
Gr2_EF462976 4150 4175 0.44
Gr2_EF462976 4175 4200 0.56
Gr2_EF462976 4200 4225 0.32
Gr2_EF462976 4225 4250 0.28
Gr2_EF462976 4250 4275 0.48
Gr2_EF462976 4275 4300 0.44
Gr2_EF462976 4300 4325 0.32
Gr2_EF462976 4325 4350 0.48
Gr2_EF462976 4350 4375 0.4
Gr2_EF462976 4375 4400 0.2
Gr2_EF462976 4400 4425 0.2
Gr2_EF462976 4425 4450 0.2
Gr2_EF462976 4450 4475 0.36
Gr2_EF462976 4475 4500 0.32
Gr2_EF462976 4500 4525 0.08
Gr2_EF462976 4525 4550 0.36
Gr2_EF462976 4550 4575 0.28
Gr2_EF462976 4575 4600 0.28
Gr2_EF462976 4600 4625 0.44
Gr2_EF462976 4625 4650 0.36
Gr2_EF462976 4650 4675 0.48
Gr2_EF462976 4675 4700 0.48
Gr2_EF462976 4700 4725 0.44
Gr2_EF462976 4725 4750 0.56
Gr2_EF462976 4750 4775 0.4
Gr2_EF462976 4775 4800 0.56
Gr2_EF462976 4800 4825 0.52
Gr2_EF462976 4825 4850 0.36
Gr2_EF462976 4850 4875 0.36
Gr2_EF462976 4875 4900 0.16
Gr2_EF462976 4900 4925 0.08
Gr2_EF462976 4925 4950 0.56
Gr2_EF462976 4950 4975 0.44
Gr2_EF462976 4975 5000 0.32
Gr2_EF462976 5000 5025 0.36
Gr2_EF462976 5025 5050 0.44
Gr2_EF462976 5050 5075 0.4
Gr2_EF462976 5075 5100 0.52
Gr2_EF462976 5100 5125 0.52
Gr2_EF462976 5125 5150 0.52
Gr2_EF462976 5150 5175 0.4
Gr2_EF462976 5175 5200 0.36
Gr2_EF462976 5200 5225 0.64
Gr2_EF462976 5225 5250 0.52
Gr2_EF462976 5250 5275 0.56
Gr2_EF462976 5275 5300 0.68
Gr2_EF462976 5300 5325 0.64
Gr2_EF462976 5325 5350 0.52
Gr2_EF462976 5350 5375 0.36
Gr2_EF462976 5375 5400 0.52
Gr2_EF462976 5400 5425 0.32
Gr2_EF462976 5425 5450 0.4
Gr2_EF462976 5450 5475 0.36
Gr2_EF462976 5475 5500 0.36
Gr2_EF462976 5500 5525 0.48
Gr2_EF462976 5525 5550 0.44
Gr2_EF462976 5550 5575 0.56
Gr2_EF462976 5575 5600 0.36
Gr2_EF462976 5600 5625 0.44
Gr2_EF462976 5625 5650 0.48
Gr2_EF462976 5650 5675 0.44
Gr2_EF462976 5675 5700 0.32
Gr2_EF462976 5700 5725 0.36
Gr2_EF462976 5725 5750 0.48
Gr2_EF462976 5750 5775 0.36
Gr2_EF462976 5775 5800 0.56
Gr2_EF462976 5800 5825 0.24
Gr2_EF462976 5825 5850 0.2
Gr2_EF462976 5850 5875 0.12
Gr2_EF462976 5875 5900 0.2
Gr2_EF462976 5900 5925 0.24
Gr2_EF462976 5925 5950 0.24
Gr2_EF462976 5950 5975 0.2
Gr2_EF462976 5975 6000 0.24
Gr2_EF462976 6000 6025 0.08
Gr2_EF462976 6025 6050 0.08
Gr2_EF462976 6050 6075 0.56
Gr2_EF462976 6075 6100 0.44
Gr2_EF462976 6100 6125 0.36
Gr2_EF462976 6125 6150 0.28
Gr2_EF462976 6150 6175 0.64
Gr2_EF462976 6175 6200 0.64
Gr2_EF462976 6200 6225 0.56
Gr2_EF462976 6225 6250 0.2
Gr2_EF462976 6250 6275 0.36
Gr2_EF462976 6275 6300 0.12
Gr2_EF462976 6300 6325 0.04
Gr2_EF462976 6325 6350 0.48
Gr2_EF462976 6350 6375 0.44
Gr2_EF462976 6375 6400 0.52
Gr2_EF462976 6400 6425 0.4
Gr2_EF462976 6425 6450 0.2
Gr2_EF462976 6450 6475 0.32
Gr2_EF462976 6475 6500 0.36
Gr2_EF462976 6500 6525 0.36
Gr2_EF462976 6525 6550 0.2
Gr2_EF462976 6550 6575 0.44
Gr2_EF462976 6575 6600 0.6
Gr2_EF462976 6600 6604 0.5
Gr3_EF462977 0 25 0.2
Gr3_EF462977 25 50 0.16
Gr3_EF462977 50 75 0.2
Gr3_EF462977 75 100 0.28
Gr3_EF462977 100 125 0.12
Gr3_EF462977 125 150 0.2
Gr3_EF462977 150 175 0.52
Gr3_EF462977 175 200 0.12
Gr3_EF462977 200 225 0.2
Gr3_EF462977 225 250 0.24
Gr3_EF462977 250 275 0.24
Gr3_EF462977 275 300 0.6
Gr3_EF462977 300 325 0.2
Gr3_EF462977 325 350 0.32
Gr3_EF462977 350 375 0.4
Gr3_EF462977 375 400 0.28
Gr3_EF462977 400 425 0.52
Gr3_EF462977 425 450 0.52
Gr3_EF462977 450 475 0.4
Gr3_EF462977 475 500 0.44
Gr3_EF462977 500 525 0.52
Gr3_EF462977 525 550 0.4
Gr3_EF462977 550 575 0.28
Gr3_EF462977 575 600 0.44
Gr3_EF462977 600 625 0.36
Gr3_EF462977 625 650 0.36
Gr3_EF462977 650 675 0.2
Gr3_EF462977 675 700 0.44
Gr3_EF462977 700 725 0.44
Gr3_EF462977 725 750 0.32
Gr3_EF462977 750 775 0.16
Gr3_EF462977 775 800 0.08
Gr3_EF462977 800 825 0.24
Gr3_EF462977 825 850 0.2
Gr3_EF462977 850 875 0.08
Gr3_EF462977 875 900 0.0
Gr3_EF462977 900 925 0.2
Gr3_EF462977 925 950 0.6
Gr3_EF462977 950 975 0.4
Gr3_EF462977 975 1000 0.16
Gr3_EF462977 1000 1025 0.2
Gr3_EF462977 1025 1050 0.16
Gr3_EF462977 1050 1075 0.28
Gr3_EF462977 1075 1100 0.16
Gr3_EF462977 1100 1125 0.28
Gr3_EF462977 1125 1150 0.24
Gr3_EF462977 1150 1175 0.4
Gr3_EF462977 1175 1200 0.44
Gr3_EF462977 1200 1225 0.2
Gr3_EF462977 1225 1250 0.16
Gr3_EF462977 1250 1275 0.32
Gr3_EF462977 1275 1300 0.12
Gr3_EF462977 1300 1325 0.2
Gr3_EF462977 1325 1350 0.56
Gr3_EF462977 1350 1375 0.44
Gr3_EF462977 1375 1400 0.28
Gr3_EF462977 1400 1425 0.36
Gr3_EF462977 1425 1450 0.28
Gr3_EF462977 1450 1475 0.16
Gr3_EF462977 1475 1500 0.32
Gr3_EF462977 1500 1525 0.36
Gr3_EF462977 1525 1550 0.32
Gr3_EF462977 1550 1575 0.36
Gr3_EF462977 1575 1600 0.28
Gr3_EF462977 1600 1625 0.2
Gr3_EF462977 1625 1650 0.24
Gr3_EF462977 1650 1675 0.16
Gr3_EF462977 1675 1700 0.2
Gr3_EF462977 1700 1725 0.16
Gr3_EF462977 1725 1750 0.08
Gr3_EF462977 1750 1775 0.2
Gr3_EF462977 1775 1800 0.4
Gr3_EF462977 1800 1825 0.04
Gr3_EF462977 1825 1850 0.2
Gr3_EF462977 1850 1875 0.08
Gr3_EF462977 1875 1900 0.28
Gr3_EF462977 1900 1925 0.44
Gr3_EF462977 1925 1950 0.68
Gr3_EF462977 1950 1975 0.6
Gr3_EF462977 1975 2000 0.64
Gr3_EF462977 2000 2025 0.4
Gr3_EF462977 2025 2050 0.64
Gr3_EF462977 2050 2075 0.64
Gr3_EF462977 2075 2100 0.28
Gr3_EF462977 2100 2125 0.48
Gr3_EF462977 2125 2150 0.08
Gr3_EF462977 2150 2175 0.32
Gr3_EF462977 2175 2200 0.04
Gr3_EF462977 2200 2225 0.16
Gr3_EF462977 2225 2250 0.28
Gr3_EF462977 2250 2275 0.24
Gr3_EF462977 2275 2300 0.28
Gr3_EF462977 2300 2325 0.12
Gr3_EF462977 2325 2350 0.2
Gr3_EF462977 2350 2375 0.28
Gr3_EF462977 2375 2400 0.32
Gr3_EF462977 2400 2425 0.36
Gr3_EF462977 2425 2450 0.64
Gr3_EF462977 2450 2475 0.36
Gr3_EF462977 2475 2500 0.72
Gr3_EF462977 2500 2525 0.28
Gr3_EF462977 2525 2550 0.4
Gr3_EF462977 2550 2575 0.24
Gr3_EF462977 2575 2600 0.2
Gr3_EF462977 2600 2625 0.32
Gr3_EF462977 2625 2650 0.52
Gr3_EF462977 2650 2675 0.32
Gr3_EF462977 2675 2700 0.6
Gr3_EF462977 2700 2725 0.28
Gr3_EF462977 2725 2750 0.48
Gr3_EF462977 2750 2775 0.44
Gr3_EF462977 2775 2800 0.52
Gr3_EF462977 2800 2825 0.32
Gr3_EF462977 2825 2850 0.24
Gr3_EF462977 2850 2875 0.56
Gr3_EF462977 2875 2900 0.52
Gr3_EF462977 2900 2925 0.36
Gr3_EF462977 2925 2950 0.2
Gr3_EF462977 2950 2975 0.32
Gr3_EF462977 2975 3000 0.28
Gr3_EF462977 3000 3025 0.48
Gr3_EF462977 3025 3050 0.48
Gr3_EF462977 3050 3075 0.6
Gr3_EF462977 3075 3100 0.64
Gr3_EF462977 3100 3125 0.4
Gr3_EF462977 3125 3150 0.4
Gr3_EF462977 3150 3175 0.44
Gr3_EF462977 3175 3192 0.294
Gr4_EF462978 0 25 0.32
Gr4_EF462978 25 50 0.08
Gr4_EF462978 50 75 0.24
Gr4_EF462978 75 100 0.28
Gr4_EF462978 100 125 0.24
Gr4_EF462978 125 150 0.32
Gr4_EF462978 150 175 0.16
Gr4_EF462978 175 200 0.16
Gr4_EF462978 200 225 0.2
Gr4_EF462978 225 250 0.2
Gr4_EF462978 250 275 0.4
Gr4_EF462978 275 300 0.36
Gr4_EF462978 300 325 0.32
Gr4_EF462978 325 350 0.24
Gr4_EF462978 350 375 0.28
Gr4_EF462978 375 400 0.2
Gr4_EF462978 400 425 0.12
Gr4_EF462978 425 450 0.16
Gr4_EF462978 450 475 0.2
Gr4_EF462978 475 500 0.24
Gr4_EF462978 500 525 0.36
Gr4_EF462978 525 550 0.36
Gr4_EF462978 550 575 0.2
Gr4_EF462978 575 600 0.48
Gr4_EF462978 600 625 0.32
Gr4_EF462978 625 650 0.28
Gr4_EF462978 650 675 0.36
Gr4_EF462978 675 700 0.32
Gr4_EF462978 700 725 0.48
Gr4_EF462978 725 750 0.32
Gr4_EF462978 750 775 0.16
Gr4_EF462978 775 800 0.2
Gr4_EF462978 800 825 0.36
Gr4_EF462978 825 850 0.24
Gr4_EF462978 850 875 0.4
Gr4_EF462978 875 900 0.36
Gr4_EF462978 900 925 0.44
Gr4_EF462978 925 950 0.08
Gr4_EF462978 950 975 0.24
Gr4_EF462978 975 1000 0.24
Gr4_EF462978 1000 1025 0.28
Gr4_EF462978 1025 1050 0.4
Gr4_EF462978 1050 1075 0.36
Gr4_EF462978 1075 1100 0.16
Gr4_EF462978 1100 1125 0.4
Gr4_EF462978 1125 1150 0.32
Gr4_EF462978 1150 1175 0.36
Gr4_EF462978 1175 1200 0.32
Gr4_EF462978 1200 1225 0.44
Gr4_EF462978 1225 1250 0.28
Gr4_EF462978 1250 1275 0.16
Gr4_EF462978 1275 1300 0.28
Gr4_EF462978 1300 1325 0.4
Gr4_EF462978 1325 1350 0.4
Gr4_EF462978 1350 1375 0.6
Gr4_EF462978 1375 1400 0.48
Gr4_EF462978 1400 1425 0.52
Gr4_EF462978 1425 1450 0.52
Gr4_EF462978 1450 1475 0.56
Gr4_EF462978 1475 1500 0.28
Gr4_EF462978 1500 1525 0.44
Gr4_EF462978 1525 1550 0.48
Gr4_EF462978 1550 1575 0.36
Gr4_EF462978 1575 1600 0.12
Gr4_EF462978 1600 1625 0.36
Gr4_EF462978 1625 1650 0.08
Gr4_EF462978 1650 1675 0.28
Gr4_EF462978 1675 1700 0.08
Gr4_EF462978 1700 1725 0.08
Gr4_EF462978 1725 1750 0.4
Gr4_EF462978 1750 1775 0.32
Gr4_EF462978 1775 1800 0.24
Gr4_EF462978 1800 1825 0.16
Gr4_EF462978 1825 1850 0.12
Gr4_EF462978 1850 1875 0.28
Gr4_EF462978 1875 1900 0.08
Gr4_EF462978 1900 1925 0.12
Gr4_EF462978 1925 1950 0.08
Gr4_EF462978 1950 1975 0.2
Gr4_EF462978 1975 2000 0.4
Gr4_EF462978 2000 2025 0.2
Gr4_EF462978 2025 2050 0.2
Gr4_EF462978 2050 2075 0.04
Gr4_EF462978 2075 2100 0.08
Gr4_EF462978 2100 2125 0.24
Gr4_EF462978 2125 2150 0.44
Gr4_EF462978 2150 2175 0.12
Gr4_EF462978 2175 2200 0.12
Gr4_EF462978 2200 2225 0.24
Gr4_EF462978 2225 2250 0.4
Gr4_EF462978 2250 2275 0.28
Gr4_EF462978 2275 2300 0.2
Gr4_EF462978 2300 2325 0.08
Gr4_EF462978 2325 2350 0.16
Gr4_EF462978 2350 2375 0.32
Gr4_EF462978 2375 2400 0.12
Gr4_EF462978 2400 2425 0.4
Gr4_EF462978 2425 2450 0.24
Gr4_EF462978 2450 2475 0.12
Gr4_EF462978 2475 2500 0.32
Gr4_EF462978 2500 2525 0.28
Gr4_EF462978 2525 2550 0.32
Gr4_EF462978 2550 2575 0.16
Gr4_EF462978 2575 2600 0.28
Gr4_EF462978 2600 2625 0.16
Gr4_EF462978 2625 2650 0.44
Gr4_EF462978 2650 2675 0.08
Gr4_EF462978 2675 2700 0.08
Gr4_EF462978 2700 2725 0.08
Gr4_EF462978 2725 2750 0.12
Gr4_EF462978 2750 2775 0.28
Gr4_EF462978 2775 2800 0.44
Gr4_EF462978 2800 2825 0.28
Gr4_EF462978 2825 2850 0.08
Gr4_EF462978 2850 2875 0.08
Gr4_EF462978 2875 2900 0.08
Gr4_EF462978 2900 2925 0.12
Gr4_EF462978 2925 2950 0.28
Gr4_EF462978 2950 2975 0.48
Gr4_EF462978 2975 3000 0.48
Gr4_EF462978 3000 3025 0.4
Gr4_EF462978 3025 3050 0.2
Gr4_EF462978 3050 3075 0.44
Gr4_EF462978 3075 3100 0.36
Gr4_EF462978 3100 3125 0.36
Gr4_EF462978 3125 3150 0.4
Gr4_EF462978 3150 3175 0.2
Gr4_EF462978 3175 3200 0.24
Gr4_EF462978 3200 3225 0.2
Gr4_EF462978 3225 3250 0.32
Gr4_EF462978 3250 3275 0.16
Gr4_EF462978 3275 3300 0.32
Gr4_EF462978 3300 3325 0.48
Gr4_EF462978 3325 3350 0.0
Gr4_EF462978 3350 3375 0.32
Gr4_EF462978 3375 3400 0.16
Gr4_EF462978 3400 3425 0.24
Gr4_EF462978 3425 3450 0.4
Gr4_EF462978 3450 3475 0.16
Gr4_EF462978 3475 3500 0.12
Gr4_EF462978 3500 3525 0.2
Gr4_EF462978 3525 3550 0.16
Gr4_EF462978 3550 3575 0.4
Gr4_EF462978 3575 3600 0.12
Gr4_EF462978 3600 3625 0.08
Gr4_EF462978 3625 3650 0.24
Gr4_EF462978 3650 3675 0.16
Gr4_EF462978 3675 3700 0.08
Gr4_EF462978 3700 3725 0.16
Gr4_EF462978 3725 3750 0.36
Gr4_EF462978 3750 3775 0.2
Gr4_EF462978 3775 3800 0.08
Gr4_EF462978 3800 3825 0.28
Gr4_EF462978 3825 3850 0.2
Gr4_EF462978 3850 3875 0.2
Gr4_EF462978 3875 3900 0.2
Gr4_EF462978 3900 3925 0.24
Gr4_EF462978 3925 3950 0.44
Gr4_EF462978 3950 3975 0.36
Gr4_EF462978 3975 4000 0.4
Gr4_EF462978 4000 4025 0.4
Gr4_EF462978 4025 4050 0.32
Gr4_EF462978 4050 4075 0.2
Gr4_EF462978 4075 4100 0.16
Gr4_EF462978 4100 4125 0.12
Gr4_EF462978 4125 4150 0.2
Gr4_EF462978 4150 4175 0.2
Gr4_EF462978 4175 4200 0.16
Gr4_EF462978 4200 4225 0.24
Gr4_EF462978 4225 4250 0.36
Gr4_EF462978 4250 4275 0.24
Gr4_EF462978 4275 4300 0.28
Gr4_EF462978 4300 4325 0.24
Gr4_EF462978 4325 4350 0.4
Gr4_EF462978 4350 4375 0.24
Gr4_EF462978 4375 4400 0.32
Gr4_EF462978 4400 4425 0.16
Gr4_EF462978 4425 4450 0.32
Gr4_EF462978 4450 4475 0.08
Gr4_EF462978 4475 4500 0.44
Gr4_EF462978 4500 4525 0.12
Gr4_EF462978 4525 4550 0.2
Gr4_EF462978 4550 4575 0.36
Gr4_EF462978 4575 4600 0.24
Gr4_EF462978 4600 4625 0.12
Gr4_EF462978 4625 4650 0.16
Gr4_EF462978 4650 4675 0.04
Gr4_EF462978 4675 4700 0.4
Gr4_EF462978 4700 4725 0.64
Gr4_EF462978 4725 4750 0.6
Gr4_EF462978 4750 4775 0.64
Gr4_EF462978 4775 4800 0.4
Gr4_EF462978 4800 4825 0.52
Gr4_EF462978 4825 4850 0.68
Gr4_EF462978 4850 4875 0.48
Gr4_EF462978 4875 4900 0.44
Gr4_EF462978 4900 4925 0.16
Gr4_EF462978 4925 4950 0.32
Gr4_EF462978 4950 4975 0.12
Gr4_EF462978 4975 5000 0.08
Gr4_EF462978 5000 5025 0.16
Gr4_EF462978 5025 5050 0.36
Gr4_EF462978 5050 5075 0.12
Gr4_EF462978 5075 5100 0.36
Gr4_EF462978 5100 5125 0.16
Gr4_EF462978 5125 5150 0.12
Gr4_EF462978 5150 5175 0.36
Gr4_EF462978 5175 5200 0.2
Gr4_EF462978 5200 5225 0.52
Gr4_EF462978 5225 5250 0.32
Gr4_EF462978 5250 5275 0.72
Gr4_EF462978 5275 5300 0.48
Gr4_EF462978 5300 5325 0.28
Gr4_EF462978 5325 5350 0.36
Gr4_EF462978 5350 5375 0.16
Gr4_EF462978 5375 5400 0.4
Gr4_EF462978 5400 5425 0.36
Gr4_EF462978 5425 5450 0.4
Gr4_EF462978 5450 5475 0.52
Gr4_EF462978 5475 5500 0.32
Gr4_EF462978 5500 5525 0.44
Gr4_EF462978 5525 5550 0.52
Gr4_EF462978 5550 5575 0.48
Gr4_EF462978 5575 5600 0.36
Gr4_EF462978 5600 5625 0.24
Gr4_EF462978 5625 5650 0.52
Gr4_EF462978 5650 5675 0.4
Gr4_EF462978 5675 5700 0.4
Gr4_EF462978 5700 5725 0.28
Gr4_EF462978 5725 5750 0.4
Gr4_EF462978 5750 5775 0.28
Gr4_EF462978 5775 5800 0.2
Gr4_EF462978 5800 5825 0.44
Gr4_EF462978 5825 5850 0.32
Gr4_EF462978 5850 5875 0.48
Gr4_EF462978 5875 5900 0.52
Gr4_EF462978 5900 5925 0.68
Gr4_EF462978 5925 5950 0.32
Gr4_EF462978 5950 5975 0.44
Gr4_EF462978 5975 6000 0.36
Gr4_EF462978 6000 6010 0.3
Gr5_EF462979 0 25 0.36
Gr5_EF462979 25 50 0.08
Gr5_EF462979 50 75 0.28
Gr5_EF462979 75 100 0.2
Gr5_EF462979 100 125 0.24
Gr5_EF462979 125 150 0.28
Gr5_EF462979 150 175 0.12
Gr5_EF462979 175 200 0.2
Gr5_EF462979 200 225 0.32
Gr5_EF462979 225 250 0.36
Gr5_EF462979 250 275 0.36
Gr5_EF462979 275 300 0.64
Gr5_EF462979 300 325 0.32
Gr5_EF462979 325 350 0.32
Gr5_EF462979 350 375 0.24
Gr5_EF462979 375 400 0.4
Gr5_EF462979 400 425 0.32
Gr5_EF462979 425 450 0.32
Gr5_EF462979 450 475 0.4
Gr5_EF462979 475 500 0.44
Gr5_EF462979 500 525 0.16
Gr5_EF462979 525 550 0.24
Gr5_EF462979 550 575 0.4
Gr5_EF462979 575 600 0.08
Gr5_EF462979 600 625 0.28
Gr5_EF462979 625 650 0.2
Gr5_EF462979 650 675 0.28
Gr5_EF462979 675 700 0.24
Gr5_EF462979 700 725 0.16
Gr5_EF462979 725 750 0.2
Gr5_EF462979 750 775 0.24
Gr5_EF462979 775 800 0.36
Gr5_EF462979 800 825 0.44
Gr5_EF462979 825 850 0.2
Gr5_EF462979 850 875 0.4
Gr5_EF462979 875 900 0.08
Gr5_EF462979 900 925 0.28
Gr5_EF462979 925 950 0.32
Gr5_EF462979 950 975 0.32
Gr5_EF462979 975 1000 0.32
Gr5_EF462979 1000 1025 0.28
Gr5_EF462979 1025 1050 0.2
Gr5_EF462979 1050 1075 0.36
Gr5_EF462979 1075 1100 0.4
Gr5_EF462979 1100 1125 0.32
Gr5_EF462979 1125 1150 0.4
Gr5_EF462979 1150 1175 0.32
Gr5_EF462979 1175 1200 0.2
Gr5_EF462979 1200 1225 0.2
Gr5_EF462979 1225 1250 0.48
Gr5_EF462979 1250 1275 0.24
Gr5_EF462979 1275 1300 0.36
Gr5_EF462979 1300 1325 0.52
Gr5_EF462979 1325 1350 0.44
Gr5_EF462979 1350 1375 0.44
Gr5_EF462979 1375 1400 0.4
Gr5_EF462979 1400 1425 0.24
Gr5_EF462979 1425 1450 0.48
Gr5_EF462979 1450 1475 0.4
Gr5_EF462979 1475 1500 0.24
Gr5_EF462979 1500 1525 0.44
Gr5_EF462979 1525 1550 0.44
Gr5_EF462979 1550 1575 0.24
Gr5_EF462979 1575 1600 0.6
Gr5_EF462979 1600 1625 0.4
Gr5_EF462979 1625 1650 0.68
Gr5_EF462979 1650 1675 0.48
Gr5_EF462979 1675 1700 0.56
Gr5_EF462979 1700 1725 0.32
Gr5_EF462979 1725 1750 0.4
Gr5_EF462979 1750 1775 0.08
Gr5_EF462979 1775 1800 0.28
Gr5_EF462979 1800 1825 0.24
Gr5_EF462979 1825 1850 0.36
Gr5_EF462979 1850 1875 0.24
Gr5_EF462979 1875 1900 0.48
Gr5_EF462979 1900 1925 0.32
Gr5_EF462979 1925 1950 0.4
Gr5_EF462979 1950 1975 0.52
Gr5_EF462979 1975 2000 0.52
Gr5_EF462979 2000 2025 0.48
Gr5_EF462979 2025 2050 0.44
Gr5_EF462979 2050 2075 0.32
Gr5_EF462979 2075 2100 0.48
Gr5_EF462979 2100 2125 0.48
Gr5_EF462979 2125 2150 0.52
Gr5_EF462979 2150 2175 0.4
Gr5_EF462979 2175 2200 0.28
Gr5_EF462979 2200 2225 0.08
Gr5_EF462979 2225 2250 0.4
Gr5_EF462979 2250 2275 0.44
Gr5_EF462979 2275 2300 0.4
Gr5_EF462979 2300 2325 0.44
Gr5_EF462979 2325 2350 0.24
Gr5_EF462979 2350 2375 0.4
Gr5_EF462979 2375 2400 0.28
Gr5_EF462979 2400 2425 0.28
Gr5_EF462979 2425 2450 0.24
Gr5_EF462979 2450 2475 0.24
Gr5_EF462979 2475 2500 0.4
Gr5_EF462979 2500 2525 0.44
Gr5_EF462979 2525 2550 0.32
Gr5_EF462979 2550 2575 0.28
Gr5_EF462979 2575 2600 0.28
Gr5_EF462979 2600 2625 0.2
Gr5_EF462979 2625 2650 0.4
Gr5_EF462979 2650 2675 0.44
Gr5_EF462979 2675 2700 0.4
Gr5_EF462979 2700 2725 0.36
Gr5_EF462979 2725 2750 0.52
Gr5_EF462979 2750 2775 0.6
Gr5_EF462979 2775 2800 0.6
Gr5_EF462979 2800 2825 0.4
Gr5_EF462979 2825 2850 0.48
Gr5_EF462979 2850 2875 0.32
Gr5_EF462979 2875 2900 0.2
Gr5_EF462979 2900 2925 0.16
Gr5_EF462979 2925 2950 0.4
Gr5_EF462979 2950 2975 0.44
Gr5_EF462979 2975 3000 0.28
Gr5_EF462979 3000 3025 0.16
Gr5_EF462979 3025 3050 0.56
Gr5_EF462979 3050 3075 0.4
Gr5_EF462979 3075 3100 0.56
Gr5_EF462979 3100 3125 0.52
Gr5_EF462979 3125 3150 0.6
Gr5_EF462979 3150 3175 0.52
Gr5_EF462979 3175 3200 0.64
Gr5_EF462979 3200 3225 0.52
Gr5_EF462979 3225 3250 0.56
Gr5_EF462979 3250 3275 0.52
Gr5_EF462979 3275 3300 0.68
Gr5_EF462979 3300 3325 0.52
Gr5_EF462979 3325 3350 0.4
Gr5_EF462979 3350 3375 0.64
Gr5_EF462979 3375 3400 0.6
Gr5_EF462979 3400 3425 0.68
Gr5_EF462979 3425 3450 0.52
Gr5_EF462979 3450 3475 0.64
Gr5_EF462979 3475 3500 0.36
Gr5_EF462979 3500 3525 0.52
Gr5_EF462979 3525 3550 0.36
Gr5_EF462979 3550 3575 0.44
Gr5_EF462979 3575 3600 0.48
Gr5_EF462979 3600 3625 0.68
Gr5_EF462979 3625 3650 0.44
Gr5_EF462979 3650 3675 0.32
Gr5_EF462979 3675 3700 0.44
Gr5_EF462979 3700 3725 0.48
Gr5_EF462979 3725 3750 0.68
Gr5_EF462979 3750 3775 0.52
Gr5_EF462979 3775 3800 0.48
Gr5_EF462979 3800 3825 0.2
Gr5_EF462979 3825 3850 0.6
Gr5_EF462979 3850 3875 0.84
Gr5_EF462979 3875 3900 0.44
Gr5_EF462979 3900 3925 0.56
Gr5_EF462979 3925 3950 0.52
Gr5_EF462979 3950 3975 0.4
Gr5_EF462979 3975 4000 0.44
Gr5_EF462979 4000 4025 0.16
Gr5_EF462979 4025 4050 0.28
Gr5_EF462979 4050 4075 0.2
Gr5_EF462979 4075 4100 0.2
Gr5_EF462979 4100 4125 0.04
Gr5_EF462979 4125 4150 0.36
Gr5_EF462979 4150 4175 0.24
Gr5_EF462979 4175 4200 0.32
Gr5_EF462979 4200 4225 0.16
Gr5_EF462979 4225 4250 0.2
Gr5_EF462979 4250 4275 0.12
Gr5_EF462979 4275 4300 0.56
Gr5_EF462979 4300 4325 0.6
Gr5_EF462979 4325 4350 0.36
Gr5_EF462979 4350 4375 0.56
Gr5_EF462979 4375 4400 0.44
Gr5_EF462979 4400 4425 0.2
Gr5_EF462979 4425 4450 0.32
Gr5_EF462979 4450 4475 0.16
Gr5_EF462979 4475 4500 0.08
Gr5_EF462979 4500 4525 0.12
Gr5_EF462979 4525 4550 0.32
Gr5_EF462979 4550 4575 0.16
Gr5_EF462979 4575 4600 0.28
Gr5_EF462979 4600 4625 0.2
Gr5_EF462979 4625 4650 0.2
Gr5_EF462979 4650 4675 0.32
Gr5_EF462979 4675 4700 0.2
Gr5_EF462979 4700 4725 0.48
Gr5_EF462979 4725 4750 0.32
Gr5_EF462979 4750 4775 0.52
Gr5_EF462979 4775 4800 0.68
Gr5_EF462979 4800 4825 0.36
Gr5_EF462979 4825 4850 0.28
Gr5_EF462979 4850 4875 0.24
Gr5_EF462979 4875 4900 0.24
Gr5_EF462979 4900 4925 0.36
Gr5_EF462979 4925 4950 0.44
Gr5_EF462979 4950 4975 0.48
Gr5_EF462979 4975 5000 0.36
Gr5_EF462979 5000 5025 0.48
Gr5_EF462979 5025 5050 0.48
Gr5_EF462979 5050 5075 0.52
Gr5_EF462979 5075 5100 0.24
Gr5_EF462979 5100 5125 0.44
Gr5_EF462979 5125 5150 0.36
Gr5_EF462979 5150 5175 0.6
Gr5_EF462979 5175 5200 0.52
Gr5_EF462979 5200 5225 0.24
Gr5_EF462979 5225 5250 0.28
Gr5_EF462979 5250 5275 0.44
Gr5_EF462979 5275 5300 0.24
Gr5_EF462979 5300 5325 0.28
Gr5_EF462979 5325 5350 0.56
Gr5_EF462979 5350 5375 0.52
Gr5_EF462979 5375 5400 0.6
Gr5_EF462979 5400 5425 0.44
Gr5_EF462979 5425 5450 0.4
Gr5_EF462979 5450 5475 0.4
Gr5_EF462979 5475 5480 0.2
Gr6_EF462980 0 25 0.2
Gr6_EF462980 25 50 0.16
Gr6_EF462980 50 75 0.44
Gr6_EF462980 75 100 0.2
Gr6_EF462980 100 125 0.24
Gr6_EF462980 125 150 0.32
Gr6_EF462980 150 175 0.24
Gr6_EF462980 175 200 0.28
Gr6_EF462980 200 225 0.2
Gr6_EF462980 225 250 0.44
Gr6_EF462980 250 275 0.24
Gr6_EF462980 275 300 0.32
Gr6_EF462980 300 325 0.2
Gr6_EF462980 325 350 0.28
Gr6_EF462980 350 375 0.16
Gr6_EF462980 375 400 0.04
Gr6_EF462980 400 425 0.16
Gr6_EF462980 425 450 0.36
Gr6_EF462980 450 475 0.08
Gr6_EF462980 475 500 0.24
Gr6_EF462980 500 525 0.04
Gr6_EF462980 525 550 0.24
Gr6_EF462980 550 575 0.16
Gr6_EF462980 575 600 0.32
Gr6_EF462980 600 625 0.28
Gr6_EF462980 625 650 0.28
Gr6_EF462980 650 675 0.36
Gr6_EF462980 675 700 0.24
Gr6_EF462980 700 725 0.48
Gr6_EF462980 725 750 0.32
Gr6_EF462980 750 775 0.12
Gr6_EF462980 775 800 0.36
Gr6_EF462980 800 825 0.36
Gr6_EF462980 825 850 0.6
Gr6_EF462980 850 875 0.6
Gr6_EF462980 875 900 0.68
Gr6_EF462980 900 925 0.36
Gr6_EF462980 925 950 0.48
Gr6_EF462980 950 975 0.44
Gr6_EF462980 975 1000 0.32
Gr6_EF462980 1000 1025 0.36
Gr6_EF462980 1025 1050 0.24
Gr6_EF462980 1050 1075 0.28
Gr6_EF462980 1075 1100 0.44
Gr6_EF462980 1100 1125 0.24
Gr6_EF462980 1125 1150 0.24
Gr6_EF462980 1150 1175 0.36
Gr6_EF462980 1175 1200 0.44
Gr6_EF462980 1200 1225 0.56
Gr6_EF462980 1225 1250 0.16
Gr6_EF462980 1250 1275 0.28
Gr6_EF462980 1275 1300 0.24
Gr6_EF462980 1300 1325 0.32
Gr6_EF462980 1325 1350 0.48
Gr6_EF462980 1350 1375 0.52
Gr6_EF462980 1375 1400 0.2
Gr6_EF462980 1400 1425 0.16
Gr6_EF462980 1425 1450 0.16
Gr6_EF462980 1450 1475 0.24
Gr6_EF462980 1475 1500 0.4
Gr6_EF462980 1500 1525 0.44
Gr6_EF462980 1525 1550 0.2
Gr6_EF462980 1550 1575 0.28
Gr6_EF462980 1575 1600 0.24
Gr6_EF462980 1600 1625 0.2
Gr6_EF462980 1625 1650 0.16
Gr6_EF462980 1650 1675 0.2
Gr6_EF462980 1675 1700 0.2
Gr6_EF462980 1700 1725 0.08
Gr6_EF462980 1725 1750 0.12
Gr6_EF462980 1750 1775 0.28
Gr6_EF462980 1775 1800 0.12
Gr6_EF462980 1800 1825 0.24
Gr6_EF462980 1825 1850 0.16
Gr6_EF462980 1850 1875 0.24
Gr6_EF462980 1875 1900 0.12
Gr6_EF462980 1900 1925 0.32
Gr6_EF462980 1925 1950 0.12
Gr6_EF462980 1950 1975 0.16
Gr6_EF462980 1975 2000 0.28
Gr6_EF462980 2000 2025 0.2
Gr6_EF462980 2025 2050 0.08
Gr6_EF462980 2050 2075 0.2
Gr6_EF462980 2075 2100 0.32
Gr6_EF462980 2100 2125 0.36
Gr6_EF462980 2125 2150 0.16
Gr6_EF462980 2150 2175 0.24
Gr6_EF462980 2175 2200 0.24
Gr6_EF462980 2200 2225 0.04
Gr6_EF462980 2225 2250 0.28
Gr6_EF462980 2250 2275 0.2
Gr6_EF462980 2275 2300 0.24
Gr6_EF462980 2300 2325 0.12
Gr6_EF462980 2325 2350 0.12
Gr6_EF462980 2350 2375 0.24
Gr6_EF462980 2375 2400 0.12
Gr6_EF462980 2400 2425 0.48
Gr6_EF462980 2425 2450 0.2
Gr6_EF462980 2450 2475 0.28
Gr6_EF462980 2475 2500 0.04
Gr6_EF462980 2500 2525 0.28
Gr6_EF462980 2525 2550 0.4
Gr6_EF462980 2550 2575 0.44
Gr6_EF462980 2575 2600 0.2
Gr6_EF462980 2600 2625 0.16
Gr6_EF462980 2625 2650 0.24
Gr6_EF462980 2650 2675 0.2
Gr6_EF462980 2675 2700 0.24
Gr6_EF462980 2700 2725 0.0
Gr6_EF462980 2725 2750 0.4
Gr6_EF462980 2750 2775 0.28
Gr6_EF462980 2775 2800 0.4
Gr6_EF462980 2800 2825 0.2
Gr6_EF462980 2825 2850 0.32
Gr6_EF462980 2850 2875 0.28
Gr6_EF462980 2875 2900 0.36
Gr6_EF462980 2900 2925 0.28
Gr6_EF462980 2925 2950 0.32
Gr6_EF462980 2950 2975 0.16
Gr6_EF462980 2975 3000 0.36
Gr6_EF462980 3000 3025 0.52
Gr6_EF462980 3025 3050 0.36
Gr6_EF462980 3050 3075 0.44
Gr6_EF462980 3075 3100 0.32
Gr6_EF462980 3100 3125 0.24
Gr6_EF462980 3125 3150 0.6
Gr6_EF462980 3150 3175 0.4
Gr6_EF462980 3175 3200 0.56
Gr6_EF462980 3200 3225 0.2
Gr6_EF462980 3225 3250 0.4
Gr6_EF462980 3250 3275 0.44
Gr6_EF462980 3275 3300 0.24
Gr6_EF462980 3300 3325 0.24
Gr6_EF462980 3325 3350 0.2
Gr6_EF462980 3350 3375 0.36
Gr6_EF462980 3375 3400 0.36
Gr6_EF462980 3400 3425 0.52
Gr6_EF462980 3425 3450 0.52
Gr6_EF462980 3450 3475 0.52
Gr6_EF462980 3475 3500 0.48
Gr6_EF462980 3500 3525 0.52
Gr6_EF462980 3525 3550 0.44
Gr6_EF462980 3550 3575 0.52
Gr6_EF462980 3575 3600 0.44
Gr6_EF462980 3600 3625 0.4
Gr6_EF462980 3625 3650 0.2
Gr6_EF462980 3650 3675 0.52
Gr6_EF462980 3675 3700 0.32
Gr6_EF462980 3700 3725 0.52
Gr6_EF462980 3725 3750 0.44
Gr6_EF462980 3750 3775 0.32
Gr6_EF462980 3775 3800 0.32
Gr6_EF462980 3800 3825 0.44
Gr6_EF462980 3825 3850 0.4
Gr6_EF462980 3850 3875 0.32
Gr6_EF462980 3875 3900 0.4
Gr6_EF462980 3900 3925 0.16
Gr6_EF462980 3925 3950 0.4
Gr6_EF462980 3950 3975 0.32
Gr6_EF462980 3975 4000 0.24
Gr6_EF462980 4000 4025 0.32
Gr6_EF462980 4025 4050 0.48
Gr6_EF462980 4050 4075 0.36
Gr6_EF462980 4075 4100 0.24
Gr6_EF462980 4100 4125 0.16
Gr6_EF462980 4125 4150 0.44
Gr6_EF462980 4150 4175 0.44
Gr6_EF462980 4175 4200 0.32
Gr6_EF462980 4200 4225 0.4
Gr6_EF462980 4225 4250 0.28
Gr6_EF462980 4250 4275 0.32
Gr6_EF462980 4275 4300 0.32
Gr6_EF462980 4300 4325 0.52
Gr6_EF462980 4325 4350 0.16
Gr6_EF462980 4350 4375 0.32
Gr6_EF462980 4375 4400 0.48
Gr6_EF462980 4400 4425 0.36
Gr6_EF462980 4425 4450 0.24
Gr6_EF462980 4450 4475 0.52
Gr6_EF462980 4475 4500 0.28
Gr6_EF462980 4500 4525 0.24
Gr6_EF462980 4525 4550 0.24
Gr6_EF462980 4550 4575 0.4
Gr6_EF462980 4575 4600 0.28
Gr6_EF462980 4600 4625 0.24
Gr6_EF462980 4625 4650 0.12
Gr6_EF462980 4650 4675 0.2
Gr6_EF462980 4675 4700 0.36
Gr6_EF462980 4700 4725 0.28
Gr6_EF462980 4725 4750 0.64
Gr6_EF462980 4750 4775 0.48
Gr6_EF462980 4775 4800 0.4
Gr6_EF462980 4800 4825 0.64
Gr6_EF462980 4825 4850 0.48
Gr6_EF462980 4850 4875 0.48
Gr6_EF462980 4875 4900 0.24
Gr6_EF462980 4900 4925 0.44
Gr6_EF462980 4925 4950 0.2
Gr6_EF462980 4950 4975 0.12
Gr6_EF462980 4975 5000 0.24
Gr6_EF462980 5000 5025 0.2
Gr6_EF462980 5025 5050 0.36
Gr6_EF462980 5050 5075 0.24
Gr6_EF462980 5075 5100 0.48
Gr6_EF462980 5100 5125 0.28
Gr6_EF462980 5125 5150 0.28
Gr6_EF462980 5150 5175 0.2
Gr6_EF462980 5175 5200 0.32
Gr6_EF462980 5200 5225 0.32
Gr6_EF462980 5225 5250 0.56
Gr6_EF462980 5250 5275 0.44
Gr6_EF462980 5275 5300 0.48
Gr6_EF462980 5300 5325 0.4
Gr6_EF462980 5325 5350 0.4
Gr6_EF462980 5350 5375 0.56
Gr6_EF462980 5375 5400 0.36
Gr6_EF462980 5400 5425 0.4
Gr6_EF462980 5425 5450 0.2
Gr6_EF462980 5450 5475 0.4
Gr6_EF462980 5475 5500 0.44
Gr6_EF462980 5500 5525 0.32
Gr6_EF462980 5525 5550 0.2
Gr6_EF462980 5550 5575 0.44
Gr6_EF462980 5575 5600 0.16
Gr6_EF462980 5600 5625 0.36
Gr6_EF462980 5625 5650 0.6
Gr6_EF462980 5650 5675 0.56
Gr6_EF462980 5675 5700 0.68
Gr6_EF462980 5700 5725 0.44
Gr6_EF462980 5725 5750 0.48
Gr6_EF462980 5750 5775 0.36
Gr6_EF462980 5775 5797 0.318
Gr7_EF462981 0 25 0.2
Gr7_EF462981 25 50 0.12
Gr7_EF462981 50 75 0.28
Gr7_EF462981 75 100 0.2
Gr7_EF462981 100 125 0.24
Gr7_EF462981 125 150 0.24
Gr7_EF462981 150 175 0.36
Gr7_EF462981 175 200 0.24
Gr7_EF462981 200 225 0.24
Gr7_EF462981 225 250 0.12
Gr7_EF462981 250 275 0.2
Gr7_EF462981 275 300 0.24
Gr7_EF462981 300 325 0.16
Gr7_EF462981 325 350 0.12
Gr7_EF462981 350 375 0.4
Gr7_EF462981 375 400 0.0
Gr7_EF462981 400 425 0.12
Gr7_EF462981 425 450 0.2
Gr7_EF462981 450 475 0.16
Gr7_EF462981 475 500 0.0
Gr7_EF462981 500 525 0.2
Gr7_EF462981 525 550 0.24
Gr7_EF462981 550 575 0.48
Gr7_EF462981 575 600 0.36
Gr7_EF462981 600 625 0.12
Gr7_EF462981 625 650 0.48
Gr7_EF462981 650 675 0.48
Gr7_EF462981 675 700 0.28
Gr7_EF462981 700 725 0.16
Gr7_EF462981 725 750 0.12
Gr7_EF462981 750 775 0.12
Gr7_EF462981 775 800 0.2
Gr7_EF462981 800 825 0.2
Gr7_EF462981 825 850 0.24
Gr7_EF462981 850 875 0.28
Gr7_EF462981 875 900 0.44
Gr7_EF462981 900 925 0.36
Gr7_EF462981 925 950 0.32
Gr7_EF462981 950 975 0.48
Gr7_EF462981 975 1000 0.52
Gr7_EF462981 1000 1025 0.32
Gr7_EF462981 1025 1050 0.16
Gr7_EF462981 1050 1075 0.16
Gr7_EF462981 1075 1100 0.12
Gr7_EF462981 1100 1125 0.28
Gr7_EF462981 1125 1150 0.32
Gr7_EF462981 1150 1175 0.32
Gr7_EF462981 1175 1200 0.4
Gr7_EF462981 1200 1225 0.28
Gr7_EF462981 1225 1250 0.24
Gr7_EF462981 1250 1275 0.28
Gr7_EF462981 1275 1300 0.16
Gr7_EF462981 1300 1325 0.36
Gr7_EF462981 1325 1350 0.28
Gr7_EF462981 1350 1375 0.4
Gr7_EF462981 1375 1400 0.2
Gr7_EF462981 1400 1425 0.64
Gr7_EF462981 1425 1450 0.44
Gr7_EF462981 1450 1475 0.2
Gr7_EF462981 1475 1500 0.08
Gr7_EF462981 1500 1525 0.28
Gr7_EF462981 1525 1550 0.28
Gr7_EF462981 1550 1575 0.44
Gr7_EF462981 1575 1600 0.36
Gr7_EF462981 1600 1625 0.24
Gr7_EF462981 1625 1650 0.32
Gr7_EF462981 1650 1675 0.2
Gr7_EF462981 1675 1700 0.2
Gr7_EF462981 1700 1725 0.24
Gr7_EF462981 1725 1750 0.36
Gr7_EF462981 1750 1775 0.36
Gr7_EF462981 1775 1800 0.44
Gr7_EF462981 1800 1825 0.36
Gr7_EF462981 1825 1850 0.28
Gr7_EF462981 1850 1875 0.36
Gr7_EF462981 1875 1900 0.24
Gr7_EF462981 1900 1925 0.12
Gr7_EF462981 1925 1950 0.36
Gr7_EF462981 1950 1975 0.08
Gr7_EF462981 1975 2000 0.28
Gr7_EF462981 2000 2025 0.4
Gr7_EF462981 2025 2050 0.6
Gr7_EF462981 2050 2075 0.44
Gr7_EF462981 2075 2100 0.44
Gr7_EF462981 2100 2125 0.48
Gr7_EF462981 2125 2150 0.48
Gr7_EF462981 2150 2175 0.52
Gr7_EF462981 2175 2200 0.64
Gr7_EF462981 2200 2225 0.68
Gr7_EF462981 2225 2250 0.36
Gr7_EF462981 2250 2275 0.4
Gr7_EF462981 2275 2300 0.56
Gr7_EF462981 2300 2325 0.44
Gr7_EF462981 2325 2350 0.4
Gr7_EF462981 2350 2375 0.12
Gr7_EF462981 2375 2400 0.28
Gr7_EF462981 2400 2425 0.2
Gr7_EF462981 2425 2450 0.16
Gr7_EF462981 2450 2475 0.56
Gr7_EF462981 2475 2500 0.2
Gr7_EF462981 2500 2525 0.28
Gr7_EF462981 2525 2550 0.4
Gr7_EF462981 2550 2575 0.52
Gr7_EF462981 2575 2600 0.28
Gr7_EF462981 2600 2625 0.4
Gr7_EF462981 2625 2650 0.04
Gr7_EF462981 2650 2675 0.2
Gr7_EF462981 2675 2700 0.16
Gr7_EF462981 2700 2725 0.44
Gr7_EF462981 2725 2750 0.28
Gr7_EF462981 2750 2775 0.08
Gr7_EF462981 2775 2800 0.2
Gr7_EF462981 2800 2825 0.4
Gr7_EF462981 2825 2850 0.32
Gr7_EF462981 2850 2875 0.48
Gr7_EF462981 2875 2900 0.4
Gr7_EF462981 2900 2925 0.2
Gr7_EF462981 2925 2950 0.24
Gr7_EF462981 2950 2975 0.32
Gr7_EF462981 2975 3000 0.24
Gr7_EF462981 3000 3025 0.24
Gr7_EF462981 3025 3050 0.44
Gr7_EF462981 3050 3075 0.36
Gr7_EF462981 3075 3100 0.48
Gr7_EF462981 3100 3125 0.08
Gr7_EF462981 3125 3150 0.44
Gr7_EF462981 3150 3175 0.24
Gr7_EF462981 3175 3200 0.24
Gr7_EF462981 3200 3225 0.2
Gr7_EF462981 3225 3250 0.4
Gr7_EF462981 3250 3275 0.52
Gr7_EF462981 3275 3300 0.2
Gr7_EF462981 3300 3325 0.12
Gr7_EF462981 3325 3350 0.4
Gr7_EF462981 3350 3375 0.32
Gr7_EF462981 3375 3400 0.12
Gr7_EF462981 3400 3425 0.48
Gr7_EF462981 3425 3450 0.28
Gr7_EF462981 3450 3475 0.56
Gr7_EF462981 3475 3500 0.72
Gr7_EF462981 3500 3525 0.68
Gr7_EF462981 3525 3550 0.56
Gr7_EF462981 3550 3575 0.64
Gr7_EF462981 3575 3600 0.48
Gr7_EF462981 3600 3625 0.6
Gr7_EF462981 3625 3650 0.36
Gr7_EF462981 3650 3675 0.68
Gr7_EF462981 3675 3700 0.64
Gr7_EF462981 3700 3725 0.48
Gr7_EF462981 3725 3750 0.44
Gr7_EF462981 3750 3775 0.6
Gr7_EF462981 3775 3800 0.56
Gr7_EF462981 3800 3825 0.56
Gr7_EF462981 3825 3850 0.4
Gr7_EF462981 3850 3875 0.72
Gr7_EF462981 3875 3900 0.16
Gr7_EF462981 3900 3925 0.32
Gr7_EF462981 3925 3950 0.28
Gr7_EF462981 3950 3975 0.48
Gr7_EF462981 3975 4000 0.36
Gr7_EF462981 4000 4025 0.4
Gr7_EF462981 4025 4050 0.32
Gr7_EF462981 4050 4075 0.32
Gr7_EF462981 4075 4100 0.12
Gr7_EF462981 4100 4125 0.32
Gr7_EF462981 4125 4150 0.08
Gr7_EF462981 4150 4175 0.36
Gr7_EF462981 4175 4200 0.16
Gr7_EF462981 4200 4225 0.2
Gr7_EF462981 4225 4250 0.2
Gr7_EF462981 4250 4275 0.16
Gr7_EF462981 4275 4300 0.28
Gr7_EF462981 4300 4325 0.4
Gr7_EF462981 4325 4350 0.48
Gr7_EF462981 4350 4375 0.28
Gr7_EF462981 4375 4400 0.28
Gr7_EF462981 4400 4425 0.2
Gr7_EF462981 4425 4450 0.36
Gr7_EF462981 4450 4475 0.4
Gr7_EF462981 4475 4500 0.44
Gr7_EF462981 4500 4525 0.48
Gr7_EF462981 4525 4550 0.36
Gr7_EF462981 4550 4575 0.48
Gr7_EF462981 4575 4600 0.48
Gr7_EF462981 4600 4625 0.52
Gr7_EF462981 4625 4650 0.36
Gr7_EF462981 4650 4675 0.28
Gr7_EF462981 4675 4700 0.36
Gr7_EF462981 4700 4725 0.24
Gr7_EF462981 4725 4750 0.44
Gr7_EF462981 4750 4775 0.24
Gr7_EF462981 4775 4800 0.2
Gr7_EF462981 4800 4825 0.4
Gr7_EF462981 4825 4850 0.2
Gr7_EF462981 4850 4875 0.48
Gr7_EF462981 4875 4900 0.52
Gr7_EF462981 4900 4925 0.52
Gr7_EF462981 4925 4950 0.6
Gr7_EF462981 4950 4975 0.44
Gr7_EF462981 4975 5000 0.36
Gr7_EF462981 5000 5025 0.4
Gr7_EF462981 5025 5050 0.44
Gr7_EF462981 5050 5075 0.48
Gr7_EF462981 5075 5100 0.36
Gr7_EF462981 5100 5125 0.4
Gr7_EF462981 5125 5150 0.44
Gr7_EF462981 5150 5175 0.2
Gr7_EF462981 5175 5200 0.24
Gr7_EF462981 5200 5225 0.12
Gr7_EF462981 5225 5250 0.36
Gr7_EF462981 5250 5275 0.44
Gr7_EF462981 5275 5300 0.08
Gr7_EF462981 5300 5308 0.125
