Gp1_AJ249395 0 250 4179.16
Gp1_AJ249395 250 500 3531.59
Gp1_AJ249395 500 750 1067.23
Gp1_AJ249395 750 1000 3915.52
Gp1_AJ249395 1000 1250 4174.68
Gp1_AJ249395 1250 1500 5699.78
Gp1_AJ249395 1500 1750 5382.83
Gp1_AJ249395 1750 2000 1297.9
Gp1_AJ249395 2000 2250 2915.51
Gp1_AJ249395 2250 2500 3888.66
Gp1_AJ249395 2500 2750 3858.14
Gp1_AJ249395 2750 3000 2268.03
Gp1_AJ249395 3000 3250 2587.16
Gp1_AJ249395 3250 3500 2406.93
Gp1_AJ249395 3500 3750 3241.14
Gp1_AJ249395 3750 4000 3468.94
Gp1_AJ249395 4000 4250 456.05
Gp1_AJ249395 4250 4500 1281.85
Gp1_AJ249395 4500 4750 6152.77
Gp1_AJ249395 4750 5000 1751.6
Gp1_AJ249395 5000 5250 2194.41
Gp1_AJ249395 5250 5500 598.04
Gp1_AJ249395 5500 5750 2561.94
Gp1_AJ249395 5750 6000 1544.1
Gp1_AJ249395 6000 6250 43.76
Gp1_AJ249395 6250 6500 56.22
Gp1_AJ249395 6500 6750 58.55
Gp1_AJ249395 6750 7000 645.63
Gp1_AJ249395 7000 7250 284.86
Gp1_AJ249395 7250 7500 10105.0
Gp1_AJ249395 7500 7750 1415.26
Gp1_AJ249395 7750 8000 9148.53
Gp1_AJ249395 8000 8250 5209.64
Gp1_AJ249395 8250 8500 18309.21
Gp1_AJ249395 8500 8750 8345.92
Gp1_AJ249395 8750 9000 16447.93
Gp1_AJ249395 9000 9250 24112.68
Gp1_AJ249395 9250 9428 7407.58
Gp2_DQ631911 0 250 1178.73
Gp2_DQ631911 250 500 883.2
Gp2_DQ631911 500 750 3890.46
Gp2_DQ631911 750 1000 2362.67
Gp2_DQ631911 1000 1250 5443.23
Gp2_DQ631911 1250 1500 1986.93
Gp2_DQ631911 1500 1750 2843.69
Gp2_DQ631911 1750 2000 6927.78
Gp2_DQ631911 2000 2250 4817.81
Gp2_DQ631911 2250 2500 3319.63
Gp2_DQ631911 2500 2750 3373.83
Gp2_DQ631911 2750 3000 5330.16
Gp2_DQ631911 3000 3250 4374.24
Gp2_DQ631911 3250 3500 2637.8
Gp2_DQ631911 3500 3750 5751.14
Gp2_DQ631911 3750 4000 2006.17
Gp2_DQ631911 4000 4250 2943.76
Gp2_DQ631911 4250 4500 4212.24
Gp2_DQ631911 4500 4750 7525.93
Gp2_DQ631911 4750 5000 7934.66
Gp2_DQ631911 5000 5250 6001.47
Gp2_DQ631911 5250 5500 3552.03
Gp2_DQ631911 5500 5750 1833.59
Gp2_DQ631911 5750 6000 13826.18
Gp2_DQ631911 6000 6250 3226.29
Gp2_DQ631911 6250 6500 23287.35
Gp2_DQ631911 6500 6750 9925.96
Gp2_DQ631911 6750 7000 7131.34
Gp2_DQ631911 7000 7250 1761.22
Gp2_DQ631911 7250 7500 9066.86
Gp2_DQ631911 7500 7511 1019.03
Gp3_DQ631912 0 250 681.53
Gp3_DQ631912 250 500 1307.31
Gp3_DQ631912 500 750 3093.21
Gp3_DQ631912 750 1000 1969.4
Gp3_DQ631912 1000 1250 1607.07
Gp3_DQ631912 1250 1500 2883.28
Gp3_DQ631912 1500 1750 3904.14
Gp3_DQ631912 1750 2000 2979.3
Gp3_DQ631912 2000 2250 957.56
Gp3_DQ631912 2250 2500 70.26
Gp3_DQ631912 2500 2750 62.26
Gp3_DQ631912 2750 3000 67.62
Gp3_DQ631912 3000 3250 795.4
Gp3_DQ631912 3250 3500 533.38
Gp3_DQ631912 3500 3750 944.34
Gp3_DQ631912 3750 4000 692.49
Gp3_DQ631912 4000 4250 7754.11
Gp3_DQ631912 4250 4500 3266.82
Gp3_DQ631912 4500 4750 946.66
Gp3_DQ631912 4750 5000 5442.34
Gp3_DQ631912 5000 5250 10799.43
Gp3_DQ631912 5250 5500 5197.67
Gp3_DQ631912 5500 5750 5696.16
Gp3_DQ631912 5750 6000 571.29
Gp3_DQ631912 6000 6250 19.59
Gp3_DQ631912 6250 6400 1180.61
Gp4_DQ631913 0 250 6709.11
Gp4_DQ631913 250 500 9426.34
Gp4_DQ631913 500 750 10244.7
Gp4_DQ631913 750 1000 10435.9
Gp4_DQ631913 1000 1250 6510.26
Gp4_DQ631913 1250 1500 3920.98
Gp4_DQ631913 1500 1750 13698.62
Gp4_DQ631913 1750 2000 8436.75
Gp4_DQ631913 2000 2250 10072.9
Gp4_DQ631913 2250 2500 10395.19
Gp4_DQ631913 2500 2750 10335.63
Gp4_DQ631913 2750 3000 10441.42
Gp4_DQ631913 3000 3250 9528.37
Gp4_DQ631913 3250 3500 3730.18
Gp4_DQ631913 3500 3750 2161.64
Gp4_DQ631913 3750 4000 4171.78
Gp4_DQ631913 4000 4250 3515.44
Gp4_DQ631913 4250 4500 2006.46
Gp4_DQ631913 4500 4750 1817.01
Gp4_DQ631913 4750 5000 3515.8
Gp4_DQ631913 5000 5250 3481.51
Gp4_DQ631913 5250 5500 9436.4
Gp4_DQ631913 5500 5750 8048.51
Gp4_DQ631913 5750 6000 8174.86
Gp4_DQ631913 6000 6250 5919.1
Gp4_DQ631913 6250 6500 5084.42
Gp4_DQ631913 6500 6750 6917.09
Gp4_DQ631913 6750 7000 4974.57
Gp4_DQ631913 7000 7250 3453.75
Gp4_DQ631913 7250 7500 3289.71
Gp4_DQ631913 7500 7560 434.32
Gp5_DQ631914 0 250 3618.11
Gp5_DQ631914 250 500 3410.06
Gp5_DQ631914 500 750 5787.91
Gp5_DQ631914 750 1000 5462.06
Gp5_DQ631914 1000 1250 5614.71
Gp5_DQ631914 1250 1500 3221.73
Gp5_DQ631914 1500 1750 891.37
Gp5_DQ631914 1750 2000 2717.79
Gp5_DQ631914 2000 2250 1059.51
Gp5_DQ631914 2250 2500 1674.36
Gp5_DQ631914 2500 2750 2501.69
Gp5_DQ631914 2750 3000 1888.24
Gp5_DQ631914 3000 3250 694.92
Gp5_DQ631914 3250 3500 645.08
Gp5_DQ631914 3500 3750 0.0
Gp5_DQ631914 3750 4000 0.0
Gp5_DQ631914 4000 4250 2107.22
Gp5_DQ631914 4250 4500 5246.68
Gp5_DQ631914 4500 4750 7382.87
Gp5_DQ631914 4750 5000 7764.91
Gp5_DQ631914 5000 5250 13970.62
Gp5_DQ631914 5250 5500 4514.73
Gp5_DQ631914 5500 5750 10143.31
Gp5_DQ631914 5750 6000 9260.5
Gp5_DQ631914 6000 6250 15805.5
Gp5_DQ631914 6250 6500 2411.61
Gp5_DQ631914 6500 6750 4171.04
Gp5_DQ631914 6750 7000 3099.06
Gp5_DQ631914 7000 7250 1356.91
Gp5_DQ631914 7250 7472 1535.34
Gr1_EF193005 0 250 9.42
Gr1_EF193005 250 500 0.27
Gr1_EF193005 500 750 0.0
Gr1_EF193005 750 1000 0.0
Gr1_EF193005 1000 1250 0.11
Gr1_EF193005 1250 1500 0.0
Gr1_EF193005 1500 1750 0.09
Gr1_EF193005 1750 2000 0.0
Gr1_EF193005 2000 2250 0.0
Gr1_EF193005 2250 2500 0.0
Gr1_EF193005 2500 2750 0.0
Gr1_EF193005 2750 3000 0.0
Gr1_EF193005 3000 3250 14.38
Gr1_EF193005 3250 3500 1.87
Gr1_EF193005 3500 3750 0.0
Gr1_EF193005 3750 4000 4.33
Gr1_EF193005 4000 4250 0.0
Gr1_EF193005 4250 4500 0.08
Gr1_EF193005 4500 4750 0.0
Gr1_EF193005 4750 5000 0.0
Gr1_EF193005 5000 5250 0.0
Gr1_EF193005 5250 5500 0.0
Gr1_EF193005 5500 5750 0.0
Gr1_EF193005 5750 6000 13.99
Gr1_EF193005 6000 6250 0.0
Gr1_EF193005 6250 6500 0.0
Gr1_EF193005 6500 6750 0.0
Gr1_EF193005 6750 7000 0.0
Gr1_EF193005 7000 7250 0.9
Gr1_EF193005 7250 7500 0.0
Gr1_EF193005 7500 7750 0.0
Gr1_EF193005 7750 8000 0.0
Gr1_EF193005 8000 8250 0.0
Gr1_EF193005 8250 8500 0.0
Gr1_EF193005 8500 8750 0.0
Gr1_EF193005 8750 9000 0.0
Gr1_EF193005 9000 9210 0.0
Gr2_EF462976 0 250 6059.64
Gr2_EF462976 250 500 3248.79
Gr2_EF462976 500 750 3085.99
Gr2_EF462976 750 1000 3109.69
Gr2_EF462976 1000 1250 5262.31
Gr2_EF462976 1250 1500 3262.88
Gr2_EF462976 1500 1750 2410.02
Gr2_EF462976 1750 2000 1951.54
Gr2_EF462976 2000 2250 1837.37
Gr2_EF462976 2250 2500 1689.18
Gr2_EF462976 2500 2750 2139.93
Gr2_EF462976 2750 3000 3278.3
Gr2_EF462976 3000 3250 2977.31
Gr2_EF462976 3250 3500 2380.19
Gr2_EF462976 3500 3750 4273.49
Gr2_EF462976 3750 4000 3570.95
Gr2_EF462976 4000 4250 1816.2
Gr2_EF462976 4250 4500 14950.49
Gr2_EF462976 4500 4750 26830.01
Gr2_EF462976 4750 5000 5559.16
Gr2_EF462976 5000 5250 13493.8
Gr2_EF462976 5250 5500 10148.71
Gr2_EF462976 5500 5750 11487.48
Gr2_EF462976 5750 6000 6301.74
Gr2_EF462976 6000 6250 859.22
Gr2_EF462976 6250 6500 1307.72
Gr2_EF462976 6500 6604 1479.69
Gr3_EF462977 0 250 4385.61
Gr3_EF462977 250 500 2342.95
Gr3_EF462977 500 750 2959.66
Gr3_EF462977 750 1000 3404.62
Gr3_EF462977 1000 1250 1421.31
Gr3_EF462977 1250 1500 1849.7
Gr3_EF462977 1500 1750 4158.27
Gr3_EF462977 1750 2000 7580.42
Gr3_EF462977 2000 2250 7538.93
Gr3_EF462977 2250 2500 5003.88
Gr3_EF462977 2500 2750 6211.88
Gr3_EF462977 2750 3000 4262.06
Gr3_EF462977 3000 3192 4837.37
Gr4_EF462978 0 250 4968.68
Gr4_EF462978 250 500 4952.48
Gr4_EF462978 500 750 4686.54
Gr4_EF462978 750 1000 5940.43
Gr4_EF462978 1000 1250 4682.98
Gr4_EF462978 1250 1500 9392.1
Gr4_EF462978 1500 1750 9576.45
Gr4_EF462978 1750 2000 10257.31
Gr4_EF462978 2000 2250 11046.52
Gr4_EF462978 2250 2500 14669.94
Gr4_EF462978 2500 2750 16575.02
Gr4_EF462978 2750 3000 7201.95
Gr4_EF462978 3000 3250 10753.68
Gr4_EF462978 3250 3500 10026.82
Gr4_EF462978 3500 3750 10419.54
Gr4_EF462978 3750 4000 10203.73
Gr4_EF462978 4000 4250 10491.97
Gr4_EF462978 4250 4500 9475.37
Gr4_EF462978 4500 4750 4562.44
Gr4_EF462978 4750 5000 2659.54
Gr4_EF462978 5000 5250 2698.52
Gr4_EF462978 5250 5500 3545.32
Gr4_EF462978 5500 5750 2244.51
Gr4_EF462978 5750 6000 1671.86
Gr4_EF462978 6000 6010 76.71
Gr5_EF462979 0 250 1388.97
Gr5_EF462979 250 500 3628.25
Gr5_EF462979 500 750 3574.8
Gr5_EF462979 750 1000 1557.18
Gr5_EF462979 1000 1250 2148.35
Gr5_EF462979 1250 1500 6047.88
Gr5_EF462979 1500 1750 3337.45
Gr5_EF462979 1750 2000 4248.13
Gr5_EF462979 2000 2250 3519.24
Gr5_EF462979 2250 2500 5691.93
Gr5_EF462979 2500 2750 3762.42
Gr5_EF462979 2750 3000 858.53
Gr5_EF462979 3000 3250 2457.96
Gr5_EF462979 3250 3500 1423.49
Gr5_EF462979 3500 3750 4677.85
Gr5_EF462979 3750 4000 3444.36
Gr5_EF462979 4000 4250 1899.72
Gr5_EF462979 4250 4500 628.42
Gr5_EF462979 4500 4750 601.09
Gr5_EF462979 4750 5000 3379.04
Gr5_EF462979 5000 5250 5922.09
Gr5_EF462979 5250 5480 4530.47
Gr6_EF462980 0 250 2389.26
Gr6_EF462980 250 500 7516.18
Gr6_EF462980 500 750 6731.68
Gr6_EF462980 750 1000 5632.02
Gr6_EF462980 1000 1250 5802.43
Gr6_EF462980 1250 1500 6397.94
Gr6_EF462980 1500 1750 8918.12
Gr6_EF462980 1750 2000 7458.33
Gr6_EF462980 2000 2250 7388.55
Gr6_EF462980 2250 2500 11474.1
Gr6_EF462980 2500 2750 6586.2
Gr6_EF462980 2750 3000 6027.9
Gr6_EF462980 3000 3250 5575.33
Gr6_EF462980 3250 3500 5430.41
Gr6_EF462980 3500 3750 5269.29
Gr6_EF462980 3750 4000 5608.07
Gr6_EF462980 4000 4250 3908.48
Gr6_EF462980 4250 4500 1412.88
Gr6_EF462980 4500 4750 1408.14
Gr6_EF462980 4750 5000 1841.14
Gr6_EF462980 5000 5250 19420.12
Gr6_EF462980 5250 5500 10703.3
Gr6_EF462980 5500 5750 4576.84
Gr6_EF462980 5750 5797 763.51
Gr7_EF462981 0 250 15880.75
Gr7_EF462981 250 500 22365.49
Gr7_EF462981 500 750 19517.76
Gr7_EF462981 750 1000 16877.2
Gr7_EF462981 1000 1250 12797.34
Gr7_EF462981 1250 1500 3332.02
Gr7_EF462981 1500 1750 8689.01
Gr7_EF462981 1750 2000 16915.53
Gr7_EF462981 2000 2250 14449.99
Gr7_EF462981 2250 2500 15745.3
Gr7_EF462981 2500 2750 23329.1
Gr7_EF462981 2750 3000 23377.59
Gr7_EF462981 3000 3250 25508.66
Gr7_EF462981 3250 3500 17912.89
Gr7_EF462981 3500 3750 12339.19
Gr7_EF462981 3750 4000 11325.19
Gr7_EF462981 4000 4250 13097.38
Gr7_EF462981 4250 4500 13653.57
Gr7_EF462981 4500 4750 9778.12
Gr7_EF462981 4750 5000 13277.99
Gr7_EF462981 5000 5250 12688.02
Gr7_EF462981 5250 5308 143.92
