Gp1_AJ249395 0 250 3244.93
Gp1_AJ249395 250 500 4185.03
Gp1_AJ249395 500 750 5224.88
Gp1_AJ249395 750 1000 4283.76
Gp1_AJ249395 1000 1250 4381.95
Gp1_AJ249395 1250 1500 8717.46
Gp1_AJ249395 1500 1750 5484.77
Gp1_AJ249395 1750 2000 2926.29
Gp1_AJ249395 2000 2250 4218.84
Gp1_AJ249395 2250 2500 3209.35
Gp1_AJ249395 2500 2750 4182.04
Gp1_AJ249395 2750 3000 4671.67
Gp1_AJ249395 3000 3250 3281.97
Gp1_AJ249395 3250 3500 3455.91
Gp1_AJ249395 3500 3750 3763.83
Gp1_AJ249395 3750 4000 4054.33
Gp1_AJ249395 4000 4250 3591.12
Gp1_AJ249395 4250 4500 4453.95
Gp1_AJ249395 4500 4750 3714.87
Gp1_AJ249395 4750 5000 2238.73
Gp1_AJ249395 5000 5250 2129.98
Gp1_AJ249395 5250 5500 963.61
Gp1_AJ249395 5500 5750 1433.73
Gp1_AJ249395 5750 6000 1047.47
Gp1_AJ249395 6000 6250 1485.69
Gp1_AJ249395 6250 6500 1934.73
Gp1_AJ249395 6500 6750 2143.25
Gp1_AJ249395 6750 7000 4161.77
Gp1_AJ249395 7000 7250 3036.46
Gp1_AJ249395 7250 7500 12139.23
Gp1_AJ249395 7500 7750 10466.34
Gp1_AJ249395 7750 8000 13348.95
Gp1_AJ249395 8000 8250 10897.72
Gp1_AJ249395 8250 8500 20783.26
Gp1_AJ249395 8500 8750 10260.21
Gp1_AJ249395 8750 9000 14758.87
Gp1_AJ249395 9000 9250 17842.41
Gp1_AJ249395 9250 9428 7963.72
Gp2_DQ631911 0 250 18.86
Gp2_DQ631911 250 500 20.62
Gp2_DQ631911 500 750 3977.49
Gp2_DQ631911 750 1000 134.9
Gp2_DQ631911 1000 1250 4946.47
Gp2_DQ631911 1250 1500 2692.37
Gp2_DQ631911 1500 1750 557.73
Gp2_DQ631911 1750 2000 1847.34
Gp2_DQ631911 2000 2250 244.52
Gp2_DQ631911 2250 2500 1047.2
Gp2_DQ631911 2500 2750 38.48
Gp2_DQ631911 2750 3000 47.68
Gp2_DQ631911 3000 3250 999.19
Gp2_DQ631911 3250 3500 189.51
Gp2_DQ631911 3500 3750 429.45
Gp2_DQ631911 3750 4000 243.78
Gp2_DQ631911 4000 4250 607.17
Gp2_DQ631911 4250 4500 1149.62
Gp2_DQ631911 4500 4750 2466.76
Gp2_DQ631911 4750 5000 3512.42
Gp2_DQ631911 5000 5250 1674.34
Gp2_DQ631911 5250 5500 1019.6
Gp2_DQ631911 5500 5750 279.01
Gp2_DQ631911 5750 6000 6177.45
Gp2_DQ631911 6000 6250 1878.71
Gp2_DQ631911 6250 6500 8100.57
Gp2_DQ631911 6500 6750 2817.22
Gp2_DQ631911 6750 7000 4035.47
Gp2_DQ631911 7000 7250 907.13
Gp2_DQ631911 7250 7500 6882.89
Gp2_DQ631911 7500 7511 9.56
Gp3_DQ631912 0 250 14.19
Gp3_DQ631912 250 500 100.44
Gp3_DQ631912 500 750 97.22
Gp3_DQ631912 750 1000 641.24
Gp3_DQ631912 1000 1250 2191.21
Gp3_DQ631912 1250 1500 2269.7
Gp3_DQ631912 1500 1750 3418.71
Gp3_DQ631912 1750 2000 2996.67
Gp3_DQ631912 2000 2250 3345.42
Gp3_DQ631912 2250 2500 2421.75
Gp3_DQ631912 2500 2750 1917.21
Gp3_DQ631912 2750 3000 2120.99
Gp3_DQ631912 3000 3250 4824.62
Gp3_DQ631912 3250 3500 2025.46
Gp3_DQ631912 3500 3750 3490.1
Gp3_DQ631912 3750 4000 524.76
Gp3_DQ631912 4000 4250 5692.13
Gp3_DQ631912 4250 4500 2259.11
Gp3_DQ631912 4500 4750 725.29
Gp3_DQ631912 4750 5000 7986.94
Gp3_DQ631912 5000 5250 7501.09
Gp3_DQ631912 5250 5500 5021.38
Gp3_DQ631912 5500 5750 6075.65
Gp3_DQ631912 5750 6000 32.51
Gp3_DQ631912 6000 6250 38.44
Gp3_DQ631912 6250 6400 0.0
Gp4_DQ631913 0 250 7473.93
Gp4_DQ631913 250 500 10562.83
Gp4_DQ631913 500 750 11292.06
Gp4_DQ631913 750 1000 11384.71
Gp4_DQ631913 1000 1250 7124.37
Gp4_DQ631913 1250 1500 4234.38
Gp4_DQ631913 1500 1750 14927.44
Gp4_DQ631913 1750 2000 8723.12
Gp4_DQ631913 2000 2250 10844.46
Gp4_DQ631913 2250 2500 11376.07
Gp4_DQ631913 2500 2750 10964.95
Gp4_DQ631913 2750 3000 11139.45
Gp4_DQ631913 3000 3250 10456.82
Gp4_DQ631913 3250 3500 4042.6
Gp4_DQ631913 3500 3750 6944.87
Gp4_DQ631913 3750 4000 7716.5
Gp4_DQ631913 4000 4250 486.91
Gp4_DQ631913 4250 4500 406.48
Gp4_DQ631913 4500 4750 4292.18
Gp4_DQ631913 4750 5000 4067.14
Gp4_DQ631913 5000 5250 3074.79
Gp4_DQ631913 5250 5500 9859.97
Gp4_DQ631913 5500 5750 8632.89
Gp4_DQ631913 5750 6000 13425.64
Gp4_DQ631913 6000 6250 8567.73
Gp4_DQ631913 6250 6500 6521.91
Gp4_DQ631913 6500 6750 5091.0
Gp4_DQ631913 6750 7000 6384.52
Gp4_DQ631913 7000 7250 2762.21
Gp4_DQ631913 7250 7500 675.43
Gp4_DQ631913 7500 7560 24.64
Gp5_DQ631914 0 250 451.55
Gp5_DQ631914 250 500 574.0
Gp5_DQ631914 500 750 560.31
Gp5_DQ631914 750 1000 1666.46
Gp5_DQ631914 1000 1250 73.9
Gp5_DQ631914 1250 1500 10.69
Gp5_DQ631914 1500 1750 11.73
Gp5_DQ631914 1750 2000 8.96
Gp5_DQ631914 2000 2250 12.77
Gp5_DQ631914 2250 2500 3.43
Gp5_DQ631914 2500 2750 9.85
Gp5_DQ631914 2750 3000 711.08
Gp5_DQ631914 3000 3250 21.08
Gp5_DQ631914 3250 3500 11.63
Gp5_DQ631914 3500 3750 0.0
Gp5_DQ631914 3750 4000 0.0
Gp5_DQ631914 4000 4250 599.1
Gp5_DQ631914 4250 4500 1327.96
Gp5_DQ631914 4500 4750 2019.14
Gp5_DQ631914 4750 5000 10347.84
Gp5_DQ631914 5000 5250 15083.1
Gp5_DQ631914 5250 5500 6629.02
Gp5_DQ631914 5500 5750 5018.33
Gp5_DQ631914 5750 6000 8660.73
Gp5_DQ631914 6000 6250 11282.5
Gp5_DQ631914 6250 6500 85.0
Gp5_DQ631914 6500 6750 5535.97
Gp5_DQ631914 6750 7000 902.17
Gp5_DQ631914 7000 7250 1213.36
Gp5_DQ631914 7250 7472 16.84
Gr1_EF193005 0 250 0.37
Gr1_EF193005 250 500 7.24
Gr1_EF193005 500 750 0.46
Gr1_EF193005 750 1000 5.31
Gr1_EF193005 1000 1250 0.95
Gr1_EF193005 1250 1500 0.23
Gr1_EF193005 1500 1750 0.55
Gr1_EF193005 1750 2000 0.0
Gr1_EF193005 2000 2250 0.0
Gr1_EF193005 2250 2500 0.0
Gr1_EF193005 2500 2750 0.69
Gr1_EF193005 2750 3000 0.35
Gr1_EF193005 3000 3250 4.2
Gr1_EF193005 3250 3500 0.53
Gr1_EF193005 3500 3750 0.0
Gr1_EF193005 3750 4000 0.0
Gr1_EF193005 4000 4250 0.0
Gr1_EF193005 4250 4500 3.62
Gr1_EF193005 4500 4750 0.0
Gr1_EF193005 4750 5000 0.0
Gr1_EF193005 5000 5250 0.0
Gr1_EF193005 5250 5500 0.0
Gr1_EF193005 5500 5750 0.0
Gr1_EF193005 5750 6000 1.42
Gr1_EF193005 6000 6250 0.0
Gr1_EF193005 6250 6500 0.0
Gr1_EF193005 6500 6750 0.0
Gr1_EF193005 6750 7000 0.0
Gr1_EF193005 7000 7250 0.0
Gr1_EF193005 7250 7500 0.0
Gr1_EF193005 7500 7750 0.0
Gr1_EF193005 7750 8000 0.0
Gr1_EF193005 8000 8250 0.0
Gr1_EF193005 8250 8500 0.0
Gr1_EF193005 8500 8750 0.0
Gr1_EF193005 8750 9000 0.0
Gr1_EF193005 9000 9210 0.0
Gr2_EF462976 0 250 258.65
Gr2_EF462976 250 500 568.83
Gr2_EF462976 500 750 105.42
Gr2_EF462976 750 1000 313.0
Gr2_EF462976 1000 1250 335.25
Gr2_EF462976 1250 1500 83.05
Gr2_EF462976 1500 1750 275.49
Gr2_EF462976 1750 2000 1879.56
Gr2_EF462976 2000 2250 54.97
Gr2_EF462976 2250 2500 66.03
Gr2_EF462976 2500 2750 15170.69
Gr2_EF462976 2750 3000 8600.35
Gr2_EF462976 3000 3250 56.32
Gr2_EF462976 3250 3500 2202.04
Gr2_EF462976 3500 3750 11166.76
Gr2_EF462976 3750 4000 5463.27
Gr2_EF462976 4000 4250 2688.1
Gr2_EF462976 4250 4500 5954.02
Gr2_EF462976 4500 4750 12682.71
Gr2_EF462976 4750 5000 1668.55
Gr2_EF462976 5000 5250 5218.57
Gr2_EF462976 5250 5500 4389.97
Gr2_EF462976 5500 5750 5772.02
Gr2_EF462976 5750 6000 1027.23
Gr2_EF462976 6000 6250 35.34
Gr2_EF462976 6250 6500 39.75
Gr2_EF462976 6500 6604 40.48
Gr3_EF462977 0 250 1926.51
Gr3_EF462977 250 500 37.9
Gr3_EF462977 500 750 3102.85
Gr3_EF462977 750 1000 936.44
Gr3_EF462977 1000 1250 12.52
Gr3_EF462977 1250 1500 68.1
Gr3_EF462977 1500 1750 549.86
Gr3_EF462977 1750 2000 2796.17
Gr3_EF462977 2000 2250 3050.26
Gr3_EF462977 2250 2500 1760.49
Gr3_EF462977 2500 2750 916.53
Gr3_EF462977 2750 3000 985.62
Gr3_EF462977 3000 3192 1017.44
Gr4_EF462978 0 250 3443.65
Gr4_EF462978 250 500 3720.53
Gr4_EF462978 500 750 8050.84
Gr4_EF462978 750 1000 1907.94
Gr4_EF462978 1000 1250 2592.91
Gr4_EF462978 1250 1500 10727.12
Gr4_EF462978 1500 1750 10680.41
Gr4_EF462978 1750 2000 11354.24
Gr4_EF462978 2000 2250 12047.03
Gr4_EF462978 2250 2500 15760.92
Gr4_EF462978 2500 2750 18042.72
Gr4_EF462978 2750 3000 7525.84
Gr4_EF462978 3000 3250 12013.47
Gr4_EF462978 3250 3500 10853.45
Gr4_EF462978 3500 3750 11426.32
Gr4_EF462978 3750 4000 10958.06
Gr4_EF462978 4000 4250 11199.94
Gr4_EF462978 4250 4500 10375.3
Gr4_EF462978 4500 4750 13633.6
Gr4_EF462978 4750 5000 8710.84
Gr4_EF462978 5000 5250 1811.81
Gr4_EF462978 5250 5500 525.74
Gr4_EF462978 5500 5750 369.95
Gr4_EF462978 5750 6000 2580.69
Gr4_EF462978 6000 6010 342.08
Gr5_EF462979 0 250 74.36
Gr5_EF462979 250 500 5196.04
Gr5_EF462979 500 750 996.41
Gr5_EF462979 750 1000 1388.09
Gr5_EF462979 1000 1250 77.64
Gr5_EF462979 1250 1500 430.99
Gr5_EF462979 1500 1750 586.53
Gr5_EF462979 1750 2000 556.79
Gr5_EF462979 2000 2250 1618.76
Gr5_EF462979 2250 2500 90.07
Gr5_EF462979 2500 2750 8.83
Gr5_EF462979 2750 3000 12.52
Gr5_EF462979 3000 3250 10.73
Gr5_EF462979 3250 3500 8.62
Gr5_EF462979 3500 3750 15.1
Gr5_EF462979 3750 4000 8.8
Gr5_EF462979 4000 4250 694.68
Gr5_EF462979 4250 4500 21.36
Gr5_EF462979 4500 4750 58.65
Gr5_EF462979 4750 5000 1276.01
Gr5_EF462979 5000 5250 1346.09
Gr5_EF462979 5250 5480 1038.42
Gr6_EF462980 0 250 1189.01
Gr6_EF462980 250 500 11749.16
Gr6_EF462980 500 750 6378.39
Gr6_EF462980 750 1000 4403.47
Gr6_EF462980 1000 1250 4698.72
Gr6_EF462980 1250 1500 5125.72
Gr6_EF462980 1500 1750 5784.56
Gr6_EF462980 1750 2000 6018.52
Gr6_EF462980 2000 2250 6198.88
Gr6_EF462980 2250 2500 6086.19
Gr6_EF462980 2500 2750 5512.14
Gr6_EF462980 2750 3000 5319.61
Gr6_EF462980 3000 3250 4810.28
Gr6_EF462980 3250 3500 4791.63
Gr6_EF462980 3500 3750 3859.24
Gr6_EF462980 3750 4000 4625.55
Gr6_EF462980 4000 4250 2346.81
Gr6_EF462980 4250 4500 20.67
Gr6_EF462980 4500 4750 15.99
Gr6_EF462980 4750 5000 798.03
Gr6_EF462980 5000 5250 21928.99
Gr6_EF462980 5250 5500 17780.9
Gr6_EF462980 5500 5750 3167.49
Gr6_EF462980 5750 5797 1585.71
Gr7_EF462981 0 250 18389.32
Gr7_EF462981 250 500 20656.47
Gr7_EF462981 500 750 25529.45
Gr7_EF462981 750 1000 9231.93
Gr7_EF462981 1000 1250 15712.32
Gr7_EF462981 1250 1500 5314.12
Gr7_EF462981 1500 1750 8700.95
Gr7_EF462981 1750 2000 19295.21
Gr7_EF462981 2000 2250 9764.02
Gr7_EF462981 2250 2500 8006.35
Gr7_EF462981 2500 2750 2753.48
Gr7_EF462981 2750 3000 2602.09
Gr7_EF462981 3000 3250 2585.05
Gr7_EF462981 3250 3500 2382.17
Gr7_EF462981 3500 3750 2167.51
Gr7_EF462981 3750 4000 2303.13
Gr7_EF462981 4000 4250 3568.46
Gr7_EF462981 4250 4500 5282.05
Gr7_EF462981 4500 4750 3344.68
Gr7_EF462981 4750 5000 6319.07
Gr7_EF462981 5000 5250 7576.5
Gr7_EF462981 5250 5308 146.09
