Gp1_AJ249395 0 250 6352.27
Gp1_AJ249395 250 500 5367.98
Gp1_AJ249395 500 750 1622.18
Gp1_AJ249395 750 1000 5951.54
Gp1_AJ249395 1000 1250 6345.46
Gp1_AJ249395 1250 1500 8663.59
Gp1_AJ249395 1500 1750 8181.83
Gp1_AJ249395 1750 2000 1972.79
Gp1_AJ249395 2000 2250 4431.54
Gp1_AJ249395 2250 2500 5910.71
Gp1_AJ249395 2500 2750 5864.33
Gp1_AJ249395 2750 3000 3447.38
Gp1_AJ249395 3000 3250 3932.46
Gp1_AJ249395 3250 3500 3658.51
Gp1_AJ249395 3500 3750 4926.5
Gp1_AJ249395 3750 4000 5272.74
Gp1_AJ249395 4000 4250 693.19
Gp1_AJ249395 4250 4500 1948.39
Gp1_AJ249395 4500 4750 9352.13
Gp1_AJ249395 4750 5000 2662.4
Gp1_AJ249395 5000 5250 3335.48
Gp1_AJ249395 5250 5500 909.01
Gp1_AJ249395 5500 5750 3894.12
Gp1_AJ249395 5750 6000 2347.02
Gp1_AJ249395 6000 6250 66.52
Gp1_AJ249395 6250 6500 85.46
Gp1_AJ249395 6500 6750 89.0
Gp1_AJ249395 6750 7000 981.35
Gp1_AJ249395 7000 7250 432.99
Gp1_AJ249395 7250 7500 15359.48
Gp1_AJ249395 7500 7750 2151.17
Gp1_AJ249395 7750 8000 13905.65
Gp1_AJ249395 8000 8250 7918.58
Gp1_AJ249395 8250 8500 27829.78
Gp1_AJ249395 8500 8750 12685.7
Gp1_AJ249395 8750 9000 25000.65
Gp1_AJ249395 9000 9250 36650.98
Gp1_AJ249395 9250 9428 11259.43
Gp2_DQ631911 0 250 1791.65
Gp2_DQ631911 250 500 1342.45
Gp2_DQ631911 500 750 5913.45
Gp2_DQ631911 750 1000 3591.23
Gp2_DQ631911 1000 1250 8273.64
Gp2_DQ631911 1250 1500 3020.1
Gp2_DQ631911 1500 1750 4322.38
Gp2_DQ631911 1750 2000 10530.14
Gp2_DQ631911 2000 2250 7323.01
Gp2_DQ631911 2250 2500 5045.8
Gp2_DQ631911 2500 2750 5128.19
Gp2_DQ631911 2750 3000 8101.78
Gp2_DQ631911 3000 3250 6648.79
Gp2_DQ631911 3250 3500 4009.42
Gp2_DQ631911 3500 3750 8741.67
Gp2_DQ631911 3750 4000 3049.36
Gp2_DQ631911 4000 4250 4474.47
Gp2_DQ631911 4250 4500 6402.55
Gp2_DQ631911 4500 4750 11439.32
Gp2_DQ631911 4750 5000 12060.58
Gp2_DQ631911 5000 5250 9122.17
Gp2_DQ631911 5250 5500 5399.04
Gp2_DQ631911 5500 5750 2787.03
Gp2_DQ631911 5750 6000 21015.63
Gp2_DQ631911 6000 6250 4903.92
Gp2_DQ631911 6250 6500 35396.49
Gp2_DQ631911 6500 6750 15087.34
Gp2_DQ631911 6750 7000 10839.55
Gp2_DQ631911 7000 7250 2677.03
Gp2_DQ631911 7250 7500 13781.52
Gp2_DQ631911 7500 7511 1548.91
Gp3_DQ631912 0 250 1035.92
Gp3_DQ631912 250 500 1987.1
Gp3_DQ631912 500 750 4701.65
Gp3_DQ631912 750 1000 2993.47
Gp3_DQ631912 1000 1250 2442.73
Gp3_DQ631912 1250 1500 4382.55
Gp3_DQ631912 1500 1750 5934.24
Gp3_DQ631912 1750 2000 4528.5
Gp3_DQ631912 2000 2250 1455.48
Gp3_DQ631912 2250 2500 106.8
Gp3_DQ631912 2500 2750 94.64
Gp3_DQ631912 2750 3000 102.78
Gp3_DQ631912 3000 3250 1208.99
Gp3_DQ631912 3250 3500 810.73
Gp3_DQ631912 3500 3750 1435.38
Gp3_DQ631912 3750 4000 1052.57
Gp3_DQ631912 4000 4250 11786.16
Gp3_DQ631912 4250 4500 4965.52
Gp3_DQ631912 4500 4750 1438.91
Gp3_DQ631912 4750 5000 8272.28
Gp3_DQ631912 5000 5250 16415.0
Gp3_DQ631912 5250 5500 7900.39
Gp3_DQ631912 5500 5750 8658.09
Gp3_DQ631912 5750 6000 868.36
Gp3_DQ631912 6000 6250 29.78
Gp3_DQ631912 6250 6400 1794.52
Gp4_DQ631913 0 250 10197.76
Gp4_DQ631913 250 500 14327.92
Gp4_DQ631913 500 750 15571.82
Gp4_DQ631913 750 1000 15862.44
Gp4_DQ631913 1000 1250 9895.52
Gp4_DQ631913 1250 1500 5959.85
Gp4_DQ631913 1500 1750 20821.74
Gp4_DQ631913 1750 2000 12823.76
Gp4_DQ631913 2000 2250 15310.69
Gp4_DQ631913 2250 2500 15800.56
Gp4_DQ631913 2500 2750 15710.03
Gp4_DQ631913 2750 3000 15870.83
Gp4_DQ631913 3000 3250 14483.0
Gp4_DQ631913 3250 3500 5669.83
Gp4_DQ631913 3500 3750 3285.67
Gp4_DQ631913 3750 4000 6341.05
Gp4_DQ631913 4000 4250 5343.43
Gp4_DQ631913 4250 4500 3049.8
Gp4_DQ631913 4500 4750 2761.84
Gp4_DQ631913 4750 5000 5343.97
Gp4_DQ631913 5000 5250 5291.86
Gp4_DQ631913 5250 5500 14343.21
Gp4_DQ631913 5500 5750 12233.63
Gp4_DQ631913 5750 6000 12425.69
Gp4_DQ631913 6000 6250 8996.96
Gp4_DQ631913 6250 6500 7728.26
Gp4_DQ631913 6500 6750 10513.89
Gp4_DQ631913 6750 7000 7561.29
Gp4_DQ631913 7000 7250 5249.66
Gp4_DQ631913 7250 7500 5000.31
Gp4_DQ631913 7500 7560 660.17
Gp5_DQ631914 0 250 5499.48
Gp5_DQ631914 250 500 5183.25
Gp5_DQ631914 500 750 8797.56
Gp5_DQ631914 750 1000 8302.27
Gp5_DQ631914 1000 1250 8534.29
Gp5_DQ631914 1250 1500 4896.98
Gp5_DQ631914 1500 1750 1354.88
Gp5_DQ631914 1750 2000 4131.0
Gp5_DQ631914 2000 2250 1610.45
Gp5_DQ631914 2250 2500 2545.01
Gp5_DQ631914 2500 2750 3802.54
Gp5_DQ631914 2750 3000 2870.11
Gp5_DQ631914 3000 3250 1056.27
Gp5_DQ631914 3250 3500 980.52
Gp5_DQ631914 3500 3750 0.0
Gp5_DQ631914 3750 4000 0.0
Gp5_DQ631914 4000 4250 3202.96
Gp5_DQ631914 4250 4500 7974.88
Gp5_DQ631914 4500 4750 11221.88
Gp5_DQ631914 4750 5000 11802.56
Gp5_DQ631914 5000 5250 21235.17
Gp5_DQ631914 5250 5500 6862.33
Gp5_DQ631914 5500 5750 15417.7
Gp5_DQ631914 5750 6000 14075.84
Gp5_DQ631914 6000 6250 24024.16
Gp5_DQ631914 6250 6500 3665.62
Gp5_DQ631914 6500 6750 6339.93
Gp5_DQ631914 6750 7000 4710.53
Gp5_DQ631914 7000 7250 2062.49
Gp5_DQ631914 7250 7472 2333.7
Gr1_EF193005 0 250 14.32
Gr1_EF193005 250 500 0.42
Gr1_EF193005 500 750 0.0
Gr1_EF193005 750 1000 0.0
Gr1_EF193005 1000 1250 0.17
Gr1_EF193005 1250 1500 0.0
Gr1_EF193005 1500 1750 0.14
Gr1_EF193005 1750 2000 0.0
Gr1_EF193005 2000 2250 0.0
Gr1_EF193005 2250 2500 0.0
Gr1_EF193005 2500 2750 0.0
Gr1_EF193005 2750 3000 0.0
Gr1_EF193005 3000 3250 21.86
Gr1_EF193005 3250 3500 2.84
Gr1_EF193005 3500 3750 0.0
Gr1_EF193005 3750 4000 6.58
Gr1_EF193005 4000 4250 0.0
Gr1_EF193005 4250 4500 0.12
Gr1_EF193005 4500 4750 0.0
Gr1_EF193005 4750 5000 0.0
Gr1_EF193005 5000 5250 0.0
Gr1_EF193005 5250 5500 0.0
Gr1_EF193005 5500 5750 0.0
Gr1_EF193005 5750 6000 21.27
Gr1_EF193005 6000 6250 0.0
Gr1_EF193005 6250 6500 0.0
Gr1_EF193005 6500 6750 0.0
Gr1_EF193005 6750 7000 0.0
Gr1_EF193005 7000 7250 1.37
Gr1_EF193005 7250 7500 0.0
Gr1_EF193005 7500 7750 0.0
Gr1_EF193005 7750 8000 0.0
Gr1_EF193005 8000 8250 0.0
Gr1_EF193005 8250 8500 0.0
Gr1_EF193005 8500 8750 0.0
Gr1_EF193005 8750 9000 0.0
Gr1_EF193005 9000 9210 0.0
Gr2_EF462976 0 250 9210.58
Gr2_EF462976 250 500 4938.12
Gr2_EF462976 500 750 4690.66
Gr2_EF462976 750 1000 4726.68
Gr2_EF462976 1000 1250 7998.65
Gr2_EF462976 1250 1500 4959.54
Gr2_EF462976 1500 1750 3663.21
Gr2_EF462976 1750 2000 2966.31
Gr2_EF462976 2000 2250 2792.78
Gr2_EF462976 2250 2500 2567.54
Gr2_EF462976 2500 2750 3252.66
Gr2_EF462976 2750 3000 4982.98
Gr2_EF462976 3000 3250 4525.47
Gr2_EF462976 3250 3500 3617.86
Gr2_EF462976 3500 3750 6495.66
Gr2_EF462976 3750 4000 5427.8
Gr2_EF462976 4000 4250 2760.6
Gr2_EF462976 4250 4500 22724.56
Gr2_EF462976 4500 4750 40781.3
Gr2_EF462976 4750 5000 8449.86
Gr2_EF462976 5000 5250 20510.41
Gr2_EF462976 5250 5500 15425.92
Gr2_EF462976 5500 5750 17460.83
Gr2_EF462976 5750 6000 9578.57
Gr2_EF462976 6000 6250 1306.0
Gr2_EF462976 6250 6500 1987.72
Gr2_EF462976 6500 6604 2249.12
Gr3_EF462977 0 250 6666.07
Gr3_EF462977 250 500 3561.25
Gr3_EF462977 500 750 4498.65
Gr3_EF462977 750 1000 5174.98
Gr3_EF462977 1000 1250 2160.38
Gr3_EF462977 1250 1500 2811.52
Gr3_EF462977 1500 1750 6320.52
Gr3_EF462977 1750 2000 11522.15
Gr3_EF462977 2000 2250 11459.08
Gr3_EF462977 2250 2500 7605.83
Gr3_EF462977 2500 2750 9441.99
Gr3_EF462977 2750 3000 6478.27
Gr3_EF462977 3000 3192 7352.75
Gr4_EF462978 0 250 7552.33
Gr4_EF462978 250 500 7527.7
Gr4_EF462978 500 750 7123.48
Gr4_EF462978 750 1000 9029.38
Gr4_EF462978 1000 1250 7118.08
Gr4_EF462978 1250 1500 14275.88
Gr4_EF462978 1500 1750 14556.09
Gr4_EF462978 1750 2000 15590.98
Gr4_EF462978 2000 2250 16790.58
Gr4_EF462978 2250 2500 22298.13
Gr4_EF462978 2500 2750 25193.82
Gr4_EF462978 2750 3000 10946.87
Gr4_EF462978 3000 3250 16345.46
Gr4_EF462978 3250 3500 15240.65
Gr4_EF462978 3500 3750 15837.58
Gr4_EF462978 3750 4000 15509.55
Gr4_EF462978 4000 4250 15947.66
Gr4_EF462978 4250 4500 14402.45
Gr4_EF462978 4500 4750 6934.86
Gr4_EF462978 4750 5000 4042.46
Gr4_EF462978 5000 5250 4101.72
Gr4_EF462978 5250 5500 5388.84
Gr4_EF462978 5500 5750 3411.62
Gr4_EF462978 5750 6000 2541.2
Gr4_EF462978 6000 6010 116.6
Gr5_EF462979 0 250 2111.22
Gr5_EF462979 250 500 5514.9
Gr5_EF462979 500 750 5433.65
Gr5_EF462979 750 1000 2366.9
Gr5_EF462979 1000 1250 3265.46
Gr5_EF462979 1250 1500 9192.71
Gr5_EF462979 1500 1750 5072.88
Gr5_EF462979 1750 2000 6457.11
Gr5_EF462979 2000 2250 5349.21
Gr5_EF462979 2250 2500 8651.67
Gr5_EF462979 2500 2750 5718.83
Gr5_EF462979 2750 3000 1304.95
Gr5_EF462979 3000 3250 3736.06
Gr5_EF462979 3250 3500 2163.69
Gr5_EF462979 3500 3750 7110.27
Gr5_EF462979 3750 4000 5235.38
Gr5_EF462979 4000 4250 2887.56
Gr5_EF462979 4250 4500 955.19
Gr5_EF462979 4500 4750 913.65
Gr5_EF462979 4750 5000 5136.1
Gr5_EF462979 5000 5250 9001.51
Gr5_EF462979 5250 5480 6886.26
Gr6_EF462980 0 250 3631.65
Gr6_EF462980 250 500 11424.51
Gr6_EF462980 500 750 10232.07
Gr6_EF462980 750 1000 8560.6
Gr6_EF462980 1000 1250 8819.62
Gr6_EF462980 1250 1500 9724.79
Gr6_EF462980 1500 1750 13555.44
Gr6_EF462980 1750 2000 11336.57
Gr6_EF462980 2000 2250 11230.5
Gr6_EF462980 2250 2500 17440.49
Gr6_EF462980 2500 2750 10010.94
Gr6_EF462980 2750 3000 9162.34
Gr6_EF462980 3000 3250 8474.44
Gr6_EF462980 3250 3500 8254.16
Gr6_EF462980 3500 3750 8009.25
Gr6_EF462980 3750 4000 8524.2
Gr6_EF462980 4000 4250 5940.84
Gr6_EF462980 4250 4500 2147.56
Gr6_EF462980 4500 4750 2140.36
Gr6_EF462980 4750 5000 2798.51
Gr6_EF462980 5000 5250 29518.34
Gr6_EF462980 5250 5500 16268.88
Gr6_EF462980 5500 5750 6956.74
Gr6_EF462980 5750 5797 1160.53
Gr7_EF462981 0 250 24138.54
Gr7_EF462981 250 500 33995.27
Gr7_EF462981 500 750 29666.76
Gr7_EF462981 750 1000 25653.14
Gr7_EF462981 1000 1250 19451.8
Gr7_EF462981 1250 1500 5064.63
Gr7_EF462981 1500 1750 13207.2
Gr7_EF462981 1750 2000 25711.4
Gr7_EF462981 2000 2250 21963.82
Gr7_EF462981 2250 2500 23932.67
Gr7_EF462981 2500 2750 35459.94
Gr7_EF462981 2750 3000 35533.65
Gr7_EF462981 3000 3250 38772.86
Gr7_EF462981 3250 3500 27227.37
Gr7_EF462981 3500 3750 18755.41
Gr7_EF462981 3750 4000 17214.14
Gr7_EF462981 4000 4250 19907.85
Gr7_EF462981 4250 4500 20753.26
Gr7_EF462981 4500 4750 14862.62
Gr7_EF462981 4750 5000 20182.39
Gr7_EF462981 5000 5250 19285.64
Gr7_EF462981 5250 5308 218.76
