Gp1_AJ249395 0 250 36.28
Gp1_AJ249395 250 500 74.81
Gp1_AJ249395 500 750 95.0
Gp1_AJ249395 750 1000 103.46
Gp1_AJ249395 1000 1250 96.64
Gp1_AJ249395 1250 1500 101.1
Gp1_AJ249395 1500 1750 94.97
Gp1_AJ249395 1750 2000 94.52
Gp1_AJ249395 2000 2250 94.32
Gp1_AJ249395 2250 2500 101.42
Gp1_AJ249395 2500 2750 105.89
Gp1_AJ249395 2750 3000 99.13
Gp1_AJ249395 3000 3250 98.58
Gp1_AJ249395 3250 3500 103.67
Gp1_AJ249395 3500 3750 99.3
Gp1_AJ249395 3750 4000 103.05
Gp1_AJ249395 4000 4250 102.32
Gp1_AJ249395 4250 4500 92.69
Gp1_AJ249395 4500 4750 87.18
Gp1_AJ249395 4750 5000 97.12
Gp1_AJ249395 5000 5250 91.02
Gp1_AJ249395 5250 5500 90.43
Gp1_AJ249395 5500 5750 98.46
Gp1_AJ249395 5750 6000 104.52
Gp1_AJ249395 6000 6250 99.76
Gp1_AJ249395 6250 6500 98.25
Gp1_AJ249395 6500 6750 90.9
Gp1_AJ249395 6750 7000 89.49
Gp1_AJ249395 7000 7250 101.62
Gp1_AJ249395 7250 7500 96.31
Gp1_AJ249395 7500 7750 96.37
Gp1_AJ249395 7750 8000 100.71
Gp1_AJ249395 8000 8250 96.26
Gp1_AJ249395 8250 8500 89.8
Gp1_AJ249395 8500 8750 85.0
Gp1_AJ249395 8750 9000 99.57
Gp1_AJ249395 9000 9250 64.52
Gp1_AJ249395 9250 9428 36.52
Gp2_DQ631911 0 250 35.9
Gp2_DQ631911 250 500 72.26
Gp2_DQ631911 500 750 93.88
Gp2_DQ631911 750 1000 99.8
Gp2_DQ631911 1000 1250 100.78
Gp2_DQ631911 1250 1500 97.44
Gp2_DQ631911 1500 1750 102.46
Gp2_DQ631911 1750 2000 90.97
Gp2_DQ631911 2000 2250 91.38
Gp2_DQ631911 2250 2500 98.85
Gp2_DQ631911 2500 2750 90.99
Gp2_DQ631911 2750 3000 94.05
Gp2_DQ631911 3000 3250 88.9
Gp2_DQ631911 3250 3500 89.33
Gp2_DQ631911 3500 3750 99.82
Gp2_DQ631911 3750 4000 96.87
Gp2_DQ631911 4000 4250 97.5
Gp2_DQ631911 4250 4500 99.67
Gp2_DQ631911 4500 4750 102.13
Gp2_DQ631911 4750 5000 101.06
Gp2_DQ631911 5000 5250 105.72
Gp2_DQ631911 5250 5500 101.51
Gp2_DQ631911 5500 5750 99.32
Gp2_DQ631911 5750 6000 104.89
Gp2_DQ631911 6000 6250 105.42
Gp2_DQ631911 6250 6500 95.69
Gp2_DQ631911 6500 6750 96.8
Gp2_DQ631911 6750 7000 96.82
Gp2_DQ631911 7000 7250 79.78
Gp2_DQ631911 7250 7500 43.81
Gp2_DQ631911 7500 7511 2.27
Gp3_DQ631912 0 250 35.84
Gp3_DQ631912 250 500 74.23
Gp3_DQ631912 500 750 90.42
Gp3_DQ631912 750 1000 90.02
Gp3_DQ631912 1000 1250 104.63
Gp3_DQ631912 1250 1500 107.8
Gp3_DQ631912 1500 1750 115.68
Gp3_DQ631912 1750 2000 107.24
Gp3_DQ631912 2000 2250 89.77
Gp3_DQ631912 2250 2500 85.48
Gp3_DQ631912 2500 2750 89.17
Gp3_DQ631912 2750 3000 80.95
Gp3_DQ631912 3000 3250 83.28
Gp3_DQ631912 3250 3500 98.71
Gp3_DQ631912 3500 3750 106.23
Gp3_DQ631912 3750 4000 104.39
Gp3_DQ631912 4000 4250 97.14
Gp3_DQ631912 4250 4500 100.79
Gp3_DQ631912 4500 4750 102.78
Gp3_DQ631912 4750 5000 102.78
Gp3_DQ631912 5000 5250 105.0
Gp3_DQ631912 5250 5500 90.54
Gp3_DQ631912 5500 5750 95.4
Gp3_DQ631912 5750 6000 90.95
Gp3_DQ631912 6000 6250 59.18
Gp3_DQ631912 6250 6400 30.31
Gp4_DQ631913 0 250 47.27
Gp4_DQ631913 250 500 91.02
Gp4_DQ631913 500 750 108.98
Gp4_DQ631913 750 1000 102.65
Gp4_DQ631913 1000 1250 93.12
Gp4_DQ631913 1250 1500 93.38
Gp4_DQ631913 1500 1750 96.61
Gp4_DQ631913 1750 2000 96.31
Gp4_DQ631913 2000 2250 98.07
Gp4_DQ631913 2250 2500 91.32
Gp4_DQ631913 2500 2750 84.82
Gp4_DQ631913 2750 3000 97.9
Gp4_DQ631913 3000 3250 106.0
Gp4_DQ631913 3250 3500 103.26
Gp4_DQ631913 3500 3750 95.26
Gp4_DQ631913 3750 4000 93.44
Gp4_DQ631913 4000 4250 85.76
Gp4_DQ631913 4250 4500 86.82
Gp4_DQ631913 4500 4750 97.5
Gp4_DQ631913 4750 5000 97.42
Gp4_DQ631913 5000 5250 100.0
Gp4_DQ631913 5250 5500 99.6
Gp4_DQ631913 5500 5750 97.4
Gp4_DQ631913 5750 6000 93.24
Gp4_DQ631913 6000 6250 90.68
Gp4_DQ631913 6250 6500 98.42
Gp4_DQ631913 6500 6750 93.76
Gp4_DQ631913 6750 7000 97.63
Gp4_DQ631913 7000 7250 83.88
Gp4_DQ631913 7250 7500 45.34
Gp4_DQ631913 7500 7560 14.2
Gp5_DQ631914 0 250 44.14
Gp5_DQ631914 250 500 85.87
Gp5_DQ631914 500 750 108.15
Gp5_DQ631914 750 1000 103.93
Gp5_DQ631914 1000 1250 101.63
Gp5_DQ631914 1250 1500 100.57
Gp5_DQ631914 1500 1750 91.93
Gp5_DQ631914 1750 2000 93.12
Gp5_DQ631914 2000 2250 91.21
Gp5_DQ631914 2250 2500 96.88
Gp5_DQ631914 2500 2750 96.5
Gp5_DQ631914 2750 3000 94.29
Gp5_DQ631914 3000 3250 91.26
Gp5_DQ631914 3250 3500 86.06
Gp5_DQ631914 3500 3750 99.32
Gp5_DQ631914 3750 4000 101.54
Gp5_DQ631914 4000 4250 87.11
Gp5_DQ631914 4250 4500 98.35
Gp5_DQ631914 4500 4750 96.49
Gp5_DQ631914 4750 5000 103.58
Gp5_DQ631914 5000 5250 105.17
Gp5_DQ631914 5250 5500 104.27
Gp5_DQ631914 5500 5750 92.57
Gp5_DQ631914 5750 6000 88.0
Gp5_DQ631914 6000 6250 92.98
Gp5_DQ631914 6250 6500 92.92
Gp5_DQ631914 6500 6750 94.85
Gp5_DQ631914 6750 7000 93.89
Gp5_DQ631914 7000 7250 73.34
Gp5_DQ631914 7250 7472 38.02
Gr1_EF193005 0 250 8.06
Gr1_EF193005 250 500 18.75
Gr1_EF193005 500 750 65.0
Gr1_EF193005 750 1000 94.7
Gr1_EF193005 1000 1250 88.37
Gr1_EF193005 1250 1500 94.72
Gr1_EF193005 1500 1750 84.04
Gr1_EF193005 1750 2000 91.12
Gr1_EF193005 2000 2250 92.36
Gr1_EF193005 2250 2500 104.14
Gr1_EF193005 2500 2750 100.89
Gr1_EF193005 2750 3000 93.59
Gr1_EF193005 3000 3250 97.14
Gr1_EF193005 3250 3500 98.94
Gr1_EF193005 3500 3750 98.68
Gr1_EF193005 3750 4000 104.05
Gr1_EF193005 4000 4250 101.34
Gr1_EF193005 4250 4500 94.34
Gr1_EF193005 4500 4750 95.13
Gr1_EF193005 4750 5000 104.33
Gr1_EF193005 5000 5250 105.43
Gr1_EF193005 5250 5500 99.66
Gr1_EF193005 5500 5750 96.27
Gr1_EF193005 5750 6000 98.02
Gr1_EF193005 6000 6250 92.17
Gr1_EF193005 6250 6500 95.34
Gr1_EF193005 6500 6750 95.67
Gr1_EF193005 6750 7000 95.31
Gr1_EF193005 7000 7250 99.64
Gr1_EF193005 7250 7500 104.26
Gr1_EF193005 7500 7750 98.53
Gr1_EF193005 7750 8000 98.14
Gr1_EF193005 8000 8250 98.35
Gr1_EF193005 8250 8500 100.2
Gr1_EF193005 8500 8750 87.4
Gr1_EF193005 8750 9000 56.66
Gr1_EF193005 9000 9210 28.05
Gr2_EF462976 0 250 40.04
Gr2_EF462976 250 500 77.57
Gr2_EF462976 500 750 99.11
Gr2_EF462976 750 1000 106.41
Gr2_EF462976 1000 1250 99.38
Gr2_EF462976 1250 1500 97.94
Gr2_EF462976 1500 1750 101.08
Gr2_EF462976 1750 2000 92.19
Gr2_EF462976 2000 2250 105.01
Gr2_EF462976 2250 2500 106.39
Gr2_EF462976 2500 2750 103.86
Gr2_EF462976 2750 3000 98.81
Gr2_EF462976 3000 3250 92.56
Gr2_EF462976 3250 3500 85.99
Gr2_EF462976 3500 3750 99.34
Gr2_EF462976 3750 4000 101.72
Gr2_EF462976 4000 4250 101.77
Gr2_EF462976 4250 4500 103.49
Gr2_EF462976 4500 4750 96.92
Gr2_EF462976 4750 5000 103.47
Gr2_EF462976 5000 5250 102.79
Gr2_EF462976 5250 5500 103.14
Gr2_EF462976 5500 5750 97.17
Gr2_EF462976 5750 6000 94.63
Gr2_EF462976 6000 6250 94.58
Gr2_EF462976 6250 6500 47.19
Gr2_EF462976 6500 6604 22.34
Gr3_EF462977 0 250 40.76
Gr3_EF462977 250 500 78.74
Gr3_EF462977 500 750 105.99
Gr3_EF462977 750 1000 109.79
Gr3_EF462977 1000 1250 111.36
Gr3_EF462977 1250 1500 97.19
Gr3_EF462977 1500 1750 96.42
Gr3_EF462977 1750 2000 101.02
Gr3_EF462977 2000 2250 106.77
Gr3_EF462977 2250 2500 103.77
Gr3_EF462977 2500 2750 94.01
Gr3_EF462977 2750 3000 62.62
Gr3_EF462977 3000 3192 39.57
Gr4_EF462978 0 250 45.5
Gr4_EF462978 250 500 84.52
Gr4_EF462978 500 750 105.44
Gr4_EF462978 750 1000 104.66
Gr4_EF462978 1000 1250 102.51
Gr4_EF462978 1250 1500 108.59
Gr4_EF462978 1500 1750 94.0
Gr4_EF462978 1750 2000 104.38
Gr4_EF462978 2000 2250 102.84
Gr4_EF462978 2250 2500 101.94
Gr4_EF462978 2500 2750 96.05
Gr4_EF462978 2750 3000 98.54
Gr4_EF462978 3000 3250 95.38
Gr4_EF462978 3250 3500 98.64
Gr4_EF462978 3500 3750 99.12
Gr4_EF462978 3750 4000 99.67
Gr4_EF462978 4000 4250 94.03
Gr4_EF462978 4250 4500 94.04
Gr4_EF462978 4500 4750 96.17
Gr4_EF462978 4750 5000 99.76
Gr4_EF462978 5000 5250 96.35
Gr4_EF462978 5250 5500 94.52
Gr4_EF462978 5500 5750 77.79
Gr4_EF462978 5750 6000 35.37
Gr4_EF462978 6000 6010 2.6
Gr5_EF462979 0 250 41.76
Gr5_EF462979 250 500 83.0
Gr5_EF462979 500 750 96.46
Gr5_EF462979 750 1000 98.66
Gr5_EF462979 1000 1250 99.29
Gr5_EF462979 1250 1500 90.45
Gr5_EF462979 1500 1750 92.45
Gr5_EF462979 1750 2000 94.8
Gr5_EF462979 2000 2250 99.62
Gr5_EF462979 2250 2500 97.02
Gr5_EF462979 2500 2750 106.4
Gr5_EF462979 2750 3000 100.96
Gr5_EF462979 3000 3250 99.03
Gr5_EF462979 3250 3500 106.93
Gr5_EF462979 3500 3750 100.51
Gr5_EF462979 3750 4000 102.68
Gr5_EF462979 4000 4250 100.02
Gr5_EF462979 4250 4500 92.52
Gr5_EF462979 4500 4750 92.23
Gr5_EF462979 4750 5000 86.76
Gr5_EF462979 5000 5250 68.28
Gr5_EF462979 5250 5480 39.6
Gr6_EF462980 0 250 35.88
Gr6_EF462980 250 500 83.54
Gr6_EF462980 500 750 100.35
Gr6_EF462980 750 1000 103.2
Gr6_EF462980 1000 1250 93.25
Gr6_EF462980 1250 1500 95.6
Gr6_EF462980 1500 1750 94.42
Gr6_EF462980 1750 2000 96.04
Gr6_EF462980 2000 2250 98.24
Gr6_EF462980 2250 2500 102.97
Gr6_EF462980 2500 2750 97.74
Gr6_EF462980 2750 3000 98.74
Gr6_EF462980 3000 3250 94.15
Gr6_EF462980 3250 3500 98.83
Gr6_EF462980 3500 3750 96.84
Gr6_EF462980 3750 4000 97.51
Gr6_EF462980 4000 4250 91.07
Gr6_EF462980 4250 4500 97.33
Gr6_EF462980 4500 4750 101.76
Gr6_EF462980 4750 5000 97.38
Gr6_EF462980 5000 5250 93.0
Gr6_EF462980 5250 5500 86.53
Gr6_EF462980 5500 5750 50.84
Gr6_EF462980 5750 5797 14.79
Gr7_EF462981 0 250 37.57
Gr7_EF462981 250 500 71.54
Gr7_EF462981 500 750 94.49
Gr7_EF462981 750 1000 96.92
Gr7_EF462981 1000 1250 96.18
Gr7_EF462981 1250 1500 96.16
Gr7_EF462981 1500 1750 97.15
Gr7_EF462981 1750 2000 98.49
Gr7_EF462981 2000 2250 107.82
Gr7_EF462981 2250 2500 108.78
Gr7_EF462981 2500 2750 111.69
Gr7_EF462981 2750 3000 107.84
Gr7_EF462981 3000 3250 103.13
Gr7_EF462981 3250 3500 109.17
Gr7_EF462981 3500 3750 99.32
Gr7_EF462981 3750 4000 99.98
Gr7_EF462981 4000 4250 96.21
Gr7_EF462981 4250 4500 95.82
Gr7_EF462981 4500 4750 91.8
Gr7_EF462981 4750 5000 86.65
Gr7_EF462981 5000 5250 49.27
Gr7_EF462981 5250 5308 14.09
