Gp1_AJ249395 0 250 2537.46
Gp1_AJ249395 250 500 16.18
Gp1_AJ249395 500 750 68.75
Gp1_AJ249395 750 1000 1339.55
Gp1_AJ249395 1000 1250 1460.26
Gp1_AJ249395 1250 1500 5621.7
Gp1_AJ249395 1500 1750 1073.23
Gp1_AJ249395 1750 2000 1457.28
Gp1_AJ249395 2000 2250 2363.06
Gp1_AJ249395 2250 2500 61.47
Gp1_AJ249395 2500 2750 573.97
Gp1_AJ249395 2750 3000 18.39
Gp1_AJ249395 3000 3250 2006.4
Gp1_AJ249395 3250 3500 677.99
Gp1_AJ249395 3500 3750 3330.26
Gp1_AJ249395 3750 4000 207.77
Gp1_AJ249395 4000 4250 302.59
Gp1_AJ249395 4250 4500 9.7
Gp1_AJ249395 4500 4750 1592.12
Gp1_AJ249395 4750 5000 173.57
Gp1_AJ249395 5000 5250 799.76
Gp1_AJ249395 5250 5500 10.58
Gp1_AJ249395 5500 5750 13.73
Gp1_AJ249395 5750 6000 728.99
Gp1_AJ249395 6000 6250 0.0
Gp1_AJ249395 6250 6500 0.0
Gp1_AJ249395 6500 6750 0.2
Gp1_AJ249395 6750 7000 0.0
Gp1_AJ249395 7000 7250 1.75
Gp1_AJ249395 7250 7500 33.86
Gp1_AJ249395 7500 7750 11.99
Gp1_AJ249395 7750 8000 1188.59
Gp1_AJ249395 8000 8250 2122.07
Gp1_AJ249395 8250 8500 993.91
Gp1_AJ249395 8500 8750 5772.82
Gp1_AJ249395 8750 9000 2989.82
Gp1_AJ249395 9000 9250 4065.63
Gp1_AJ249395 9250 9428 987.36
Gp2_DQ631911 0 250 2077.7
Gp2_DQ631911 250 500 2500.6
Gp2_DQ631911 500 750 4449.22
Gp2_DQ631911 750 1000 5910.92
Gp2_DQ631911 1000 1250 8061.92
Gp2_DQ631911 1250 1500 3045.58
Gp2_DQ631911 1500 1750 8607.74
Gp2_DQ631911 1750 2000 8428.32
Gp2_DQ631911 2000 2250 6978.71
Gp2_DQ631911 2250 2500 8680.89
Gp2_DQ631911 2500 2750 8092.98
Gp2_DQ631911 2750 3000 8660.46
Gp2_DQ631911 3000 3250 5336.1
Gp2_DQ631911 3250 3500 6572.59
Gp2_DQ631911 3500 3750 6807.26
Gp2_DQ631911 3750 4000 2251.9
Gp2_DQ631911 4000 4250 5074.76
Gp2_DQ631911 4250 4500 4510.52
Gp2_DQ631911 4500 4750 4034.49
Gp2_DQ631911 4750 5000 5350.29
Gp2_DQ631911 5000 5250 1994.1
Gp2_DQ631911 5250 5500 3461.63
Gp2_DQ631911 5500 5750 2455.21
Gp2_DQ631911 5750 6000 7612.57
Gp2_DQ631911 6000 6250 3853.12
Gp2_DQ631911 6250 6500 28836.03
Gp2_DQ631911 6500 6750 12380.99
Gp2_DQ631911 6750 7000 11930.98
Gp2_DQ631911 7000 7250 6594.14
Gp2_DQ631911 7250 7500 7513.1
Gp2_DQ631911 7500 7511 1238.04
Gp3_DQ631912 0 250 1443.33
Gp3_DQ631912 250 500 2157.07
Gp3_DQ631912 500 750 6120.82
Gp3_DQ631912 750 1000 1550.77
Gp3_DQ631912 1000 1250 196.88
Gp3_DQ631912 1250 1500 741.86
Gp3_DQ631912 1500 1750 780.93
Gp3_DQ631912 1750 2000 209.27
Gp3_DQ631912 2000 2250 515.13
Gp3_DQ631912 2250 2500 0.0
Gp3_DQ631912 2500 2750 0.0
Gp3_DQ631912 2750 3000 0.0
Gp3_DQ631912 3000 3250 0.01
Gp3_DQ631912 3250 3500 17.25
Gp3_DQ631912 3500 3750 344.42
Gp3_DQ631912 3750 4000 591.43
Gp3_DQ631912 4000 4250 2667.67
Gp3_DQ631912 4250 4500 2048.19
Gp3_DQ631912 4500 4750 1036.54
Gp3_DQ631912 4750 5000 5781.19
Gp3_DQ631912 5000 5250 4954.37
Gp3_DQ631912 5250 5500 3936.96
Gp3_DQ631912 5500 5750 6656.57
Gp3_DQ631912 5750 6000 1172.57
Gp3_DQ631912 6000 6250 68.55
Gp3_DQ631912 6250 6400 0.0
Gp4_DQ631913 0 250 7962.82
Gp4_DQ631913 250 500 11748.14
Gp4_DQ631913 500 750 12886.68
Gp4_DQ631913 750 1000 12819.18
Gp4_DQ631913 1000 1250 7699.06
Gp4_DQ631913 1250 1500 4736.02
Gp4_DQ631913 1500 1750 16964.51
Gp4_DQ631913 1750 2000 10672.6
Gp4_DQ631913 2000 2250 12366.46
Gp4_DQ631913 2250 2500 12860.65
Gp4_DQ631913 2500 2750 12552.88
Gp4_DQ631913 2750 3000 12384.35
Gp4_DQ631913 3000 3250 11382.53
Gp4_DQ631913 3250 3500 5754.46
Gp4_DQ631913 3500 3750 9265.33
Gp4_DQ631913 3750 4000 15161.34
Gp4_DQ631913 4000 4250 10677.44
Gp4_DQ631913 4250 4500 8896.22
Gp4_DQ631913 4500 4750 6813.4
Gp4_DQ631913 4750 5000 17564.19
Gp4_DQ631913 5000 5250 4990.62
Gp4_DQ631913 5250 5500 17063.29
Gp4_DQ631913 5500 5750 16107.39
Gp4_DQ631913 5750 6000 16941.47
Gp4_DQ631913 6000 6250 16225.18
Gp4_DQ631913 6250 6500 10321.08
Gp4_DQ631913 6500 6750 12017.84
Gp4_DQ631913 6750 7000 11857.45
Gp4_DQ631913 7000 7250 10868.75
Gp4_DQ631913 7250 7500 7007.42
Gp4_DQ631913 7500 7560 3159.8
Gp5_DQ631914 0 250 1522.94
Gp5_DQ631914 250 500 1789.48
Gp5_DQ631914 500 750 2406.28
Gp5_DQ631914 750 1000 2206.6
Gp5_DQ631914 1000 1250 2027.57
Gp5_DQ631914 1250 1500 1779.97
Gp5_DQ631914 1500 1750 1620.6
Gp5_DQ631914 1750 2000 1268.89
Gp5_DQ631914 2000 2250 1566.9
Gp5_DQ631914 2250 2500 565.35
Gp5_DQ631914 2500 2750 1743.34
Gp5_DQ631914 2750 3000 2686.13
Gp5_DQ631914 3000 3250 1861.55
Gp5_DQ631914 3250 3500 1808.06
Gp5_DQ631914 3500 3750 0.0
Gp5_DQ631914 3750 4000 0.0
Gp5_DQ631914 4000 4250 943.78
Gp5_DQ631914 4250 4500 1656.47
Gp5_DQ631914 4500 4750 3199.62
Gp5_DQ631914 4750 5000 10092.43
Gp5_DQ631914 5000 5250 13697.95
Gp5_DQ631914 5250 5500 5309.66
Gp5_DQ631914 5500 5750 4944.73
Gp5_DQ631914 5750 6000 8944.98
Gp5_DQ631914 6000 6250 13416.44
Gp5_DQ631914 6250 6500 992.3
Gp5_DQ631914 6500 6750 1624.78
Gp5_DQ631914 6750 7000 1647.55
Gp5_DQ631914 7000 7250 2173.97
Gp5_DQ631914 7250 7472 2307.52
Gr1_EF193005 0 250 0.0
Gr1_EF193005 250 500 0.53
Gr1_EF193005 500 750 0.0
Gr1_EF193005 750 1000 0.0
Gr1_EF193005 1000 1250 0.17
Gr1_EF193005 1250 1500 0.0
Gr1_EF193005 1500 1750 0.0
Gr1_EF193005 1750 2000 0.0
Gr1_EF193005 2000 2250 0.0
Gr1_EF193005 2250 2500 0.0
Gr1_EF193005 2500 2750 0.0
Gr1_EF193005 2750 3000 0.0
Gr1_EF193005 3000 3250 3.84
Gr1_EF193005 3250 3500 0.45
Gr1_EF193005 3500 3750 0.0
Gr1_EF193005 3750 4000 0.0
Gr1_EF193005 4000 4250 0.0
Gr1_EF193005 4250 4500 0.0
Gr1_EF193005 4500 4750 0.0
Gr1_EF193005 4750 5000 0.0
Gr1_EF193005 5000 5250 0.0
Gr1_EF193005 5250 5500 0.0
Gr1_EF193005 5500 5750 0.0
Gr1_EF193005 5750 6000 19.21
Gr1_EF193005 6000 6250 0.0
Gr1_EF193005 6250 6500 0.0
Gr1_EF193005 6500 6750 0.11
Gr1_EF193005 6750 7000 0.0
Gr1_EF193005 7000 7250 0.0
Gr1_EF193005 7250 7500 0.0
Gr1_EF193005 7500 7750 0.0
Gr1_EF193005 7750 8000 0.0
Gr1_EF193005 8000 8250 0.0
Gr1_EF193005 8250 8500 0.0
Gr1_EF193005 8500 8750 0.0
Gr1_EF193005 8750 9000 0.0
Gr1_EF193005 9000 9210 0.0
Gr2_EF462976 0 250 10002.35
Gr2_EF462976 250 500 9018.15
Gr2_EF462976 500 750 6104.46
Gr2_EF462976 750 1000 9646.18
Gr2_EF462976 1000 1250 13408.53
Gr2_EF462976 1250 1500 12891.97
Gr2_EF462976 1500 1750 12114.49
Gr2_EF462976 1750 2000 12272.65
Gr2_EF462976 2000 2250 11385.67
Gr2_EF462976 2250 2500 10159.13
Gr2_EF462976 2500 2750 9264.08
Gr2_EF462976 2750 3000 11716.24
Gr2_EF462976 3000 3250 12755.89
Gr2_EF462976 3250 3500 13141.12
Gr2_EF462976 3500 3750 11948.95
Gr2_EF462976 3750 4000 10148.96
Gr2_EF462976 4000 4250 9500.33
Gr2_EF462976 4250 4500 23085.51
Gr2_EF462976 4500 4750 35630.82
Gr2_EF462976 4750 5000 20017.48
Gr2_EF462976 5000 5250 17697.86
Gr2_EF462976 5250 5500 31267.44
Gr2_EF462976 5500 5750 31080.29
Gr2_EF462976 5750 6000 15631.34
Gr2_EF462976 6000 6250 5465.39
Gr2_EF462976 6250 6500 8498.45
Gr2_EF462976 6500 6604 9671.16
Gr3_EF462977 0 250 4806.92
Gr3_EF462977 250 500 4742.03
Gr3_EF462977 500 750 4880.2
Gr3_EF462977 750 1000 3622.11
Gr3_EF462977 1000 1250 1604.37
Gr3_EF462977 1250 1500 4823.91
Gr3_EF462977 1500 1750 5418.51
Gr3_EF462977 1750 2000 4485.74
Gr3_EF462977 2000 2250 4680.62
Gr3_EF462977 2250 2500 4631.19
Gr3_EF462977 2500 2750 5771.78
Gr3_EF462977 2750 3000 4572.99
Gr3_EF462977 3000 3192 4029.58
Gr4_EF462978 0 250 8493.18
Gr4_EF462978 250 500 12294.03
Gr4_EF462978 500 750 11530.54
Gr4_EF462978 750 1000 15609.53
Gr4_EF462978 1000 1250 14816.46
Gr4_EF462978 1250 1500 11490.12
Gr4_EF462978 1500 1750 11882.51
Gr4_EF462978 1750 2000 12768.12
Gr4_EF462978 2000 2250 13588.5
Gr4_EF462978 2250 2500 16706.77
Gr4_EF462978 2500 2750 20238.65
Gr4_EF462978 2750 3000 8747.86
Gr4_EF462978 3000 3250 12663.43
Gr4_EF462978 3250 3500 12252.18
Gr4_EF462978 3500 3750 12889.14
Gr4_EF462978 3750 4000 12494.22
Gr4_EF462978 4000 4250 12354.19
Gr4_EF462978 4250 4500 11337.98
Gr4_EF462978 4500 4750 18525.57
Gr4_EF462978 4750 5000 11648.42
Gr4_EF462978 5000 5250 6409.85
Gr4_EF462978 5250 5500 10770.15
Gr4_EF462978 5500 5750 10690.61
Gr4_EF462978 5750 6000 13224.56
Gr4_EF462978 6000 6010 444.33
Gr5_EF462979 0 250 2775.41
Gr5_EF462979 250 500 3050.44
Gr5_EF462979 500 750 3026.44
Gr5_EF462979 750 1000 2136.41
Gr5_EF462979 1000 1250 1470.71
Gr5_EF462979 1250 1500 2456.7
Gr5_EF462979 1500 1750 1799.88
Gr5_EF462979 1750 2000 1800.2
Gr5_EF462979 2000 2250 1383.81
Gr5_EF462979 2250 2500 2005.49
Gr5_EF462979 2500 2750 1866.09
Gr5_EF462979 2750 3000 1603.78
Gr5_EF462979 3000 3250 1272.97
Gr5_EF462979 3250 3500 924.72
Gr5_EF462979 3500 3750 2405.99
Gr5_EF462979 3750 4000 1505.55
Gr5_EF462979 4000 4250 1453.63
Gr5_EF462979 4250 4500 1825.51
Gr5_EF462979 4500 4750 1342.22
Gr5_EF462979 4750 5000 4078.2
Gr5_EF462979 5000 5250 1884.78
Gr5_EF462979 5250 5480 1399.95
Gr6_EF462980 0 250 6697.48
Gr6_EF462980 250 500 8098.32
Gr6_EF462980 500 750 7692.82
Gr6_EF462980 750 1000 6061.94
Gr6_EF462980 1000 1250 6739.16
Gr6_EF462980 1250 1500 7235.69
Gr6_EF462980 1500 1750 8894.06
Gr6_EF462980 1750 2000 9447.58
Gr6_EF462980 2000 2250 9073.81
Gr6_EF462980 2250 2500 8599.07
Gr6_EF462980 2500 2750 7926.22
Gr6_EF462980 2750 3000 6766.46
Gr6_EF462980 3000 3250 6511.62
Gr6_EF462980 3250 3500 6942.58
Gr6_EF462980 3500 3750 6975.1
Gr6_EF462980 3750 4000 7483.95
Gr6_EF462980 4000 4250 7359.05
Gr6_EF462980 4250 4500 7570.0
Gr6_EF462980 4500 4750 7814.76
Gr6_EF462980 4750 5000 7190.94
Gr6_EF462980 5000 5250 7598.34
Gr6_EF462980 5250 5500 6279.55
Gr6_EF462980 5500 5750 5760.0
Gr6_EF462980 5750 5797 1380.19
Gr7_EF462981 0 250 27211.45
Gr7_EF462981 250 500 33129.16
Gr7_EF462981 500 750 31206.66
Gr7_EF462981 750 1000 26932.8
Gr7_EF462981 1000 1250 27775.64
Gr7_EF462981 1250 1500 20792.7
Gr7_EF462981 1500 1750 25604.03
Gr7_EF462981 1750 2000 25876.24
Gr7_EF462981 2000 2250 23692.28
Gr7_EF462981 2250 2500 27424.82
Gr7_EF462981 2500 2750 28299.73
Gr7_EF462981 2750 3000 26738.03
Gr7_EF462981 3000 3250 22599.74
Gr7_EF462981 3250 3500 16869.0
Gr7_EF462981 3500 3750 15483.34
Gr7_EF462981 3750 4000 19964.66
Gr7_EF462981 4000 4250 25974.03
Gr7_EF462981 4250 4500 26572.43
Gr7_EF462981 4500 4750 23255.27
Gr7_EF462981 4750 5000 24546.73
Gr7_EF462981 5000 5250 14143.32
Gr7_EF462981 5250 5308 142.4
