Gr1_EF193005 0 250 0.214
Gr1_EF193005 250 500 0.222
Gr1_EF193005 500 750 0.318
Gr1_EF193005 750 1000 0.336
Gr1_EF193005 1000 1250 0.252
Gr1_EF193005 1250 1500 0.288
Gr1_EF193005 1500 1750 0.356
Gr1_EF193005 1750 2000 0.348
Gr1_EF193005 2000 2250 0.248
Gr1_EF193005 2250 2500 0.244
Gr1_EF193005 2500 2750 0.332
Gr1_EF193005 2750 3000 0.312
Gr1_EF193005 3000 3250 0.3
Gr1_EF193005 3250 3500 0.284
Gr1_EF193005 3500 3750 0.272
Gr1_EF193005 3750 4000 0.26
Gr1_EF193005 4000 4250 0.264
Gr1_EF193005 4250 4500 0.288
Gr1_EF193005 4500 4750 0.316
Gr1_EF193005 4750 5000 0.324
Gr1_EF193005 5000 5250 0.472
Gr1_EF193005 5250 5500 0.484
Gr1_EF193005 5500 5750 0.32
Gr1_EF193005 5750 6000 0.472
Gr1_EF193005 6000 6250 0.34
Gr1_EF193005 6250 6500 0.44
Gr1_EF193005 6500 6750 0.304
Gr1_EF193005 6750 7000 0.476
Gr1_EF193005 7000 7250 0.3
Gr1_EF193005 7250 7500 0.42
Gr1_EF193005 7500 7750 0.396
Gr1_EF193005 7750 8000 0.524
Gr1_EF193005 8000 8250 0.436
Gr1_EF193005 8250 8500 0.42
Gr1_EF193005 8500 8750 0.328
Gr1_EF193005 8750 9000 0.24
Gr1_EF193005 9000 9210 0.352
Gr2_EF462976 0 250 0.296
Gr2_EF462976 250 500 0.232
Gr2_EF462976 500 750 0.296
Gr2_EF462976 750 1000 0.392
Gr2_EF462976 1000 1250 0.228
Gr2_EF462976 1250 1500 0.384
Gr2_EF462976 1500 1750 0.232
Gr2_EF462976 1750 2000 0.26
Gr2_EF462976 2000 2250 0.32
Gr2_EF462976 2250 2500 0.492
Gr2_EF462976 2500 2750 0.496
Gr2_EF462976 2750 3000 0.316
Gr2_EF462976 3000 3250 0.316
Gr2_EF462976 3250 3500 0.264
Gr2_EF462976 3500 3750 0.332
Gr2_EF462976 3750 4000 0.404
Gr2_EF462976 4000 4250 0.46
Gr2_EF462976 4250 4500 0.34
Gr2_EF462976 4500 4750 0.376
Gr2_EF462976 4750 5000 0.376
Gr2_EF462976 5000 5250 0.468
Gr2_EF462976 5250 5500 0.472
Gr2_EF462976 5500 5750 0.436
Gr2_EF462976 5750 6000 0.26
Gr2_EF462976 6000 6250 0.384
Gr2_EF462976 6250 6500 0.324
Gr2_EF462976 6500 6604 0.404
Gr3_EF462977 0 250 0.224
Gr3_EF462977 250 500 0.392
Gr3_EF462977 500 750 0.376
Gr3_EF462977 750 1000 0.212
Gr3_EF462977 1000 1250 0.252
Gr3_EF462977 1250 1500 0.304
Gr3_EF462977 1500 1750 0.236
Gr3_EF462977 1750 2000 0.356
Gr3_EF462977 2000 2250 0.332
Gr3_EF462977 2250 2500 0.352
Gr3_EF462977 2500 2750 0.364
Gr3_EF462977 2750 3000 0.376
Gr3_EF462977 3000 3192 0.474
Gr4_EF462978 0 250 0.22
Gr4_EF462978 250 500 0.252
Gr4_EF462978 500 750 0.348
Gr4_EF462978 750 1000 0.272
Gr4_EF462978 1000 1250 0.332
Gr4_EF462978 1250 1500 0.42
Gr4_EF462978 1500 1750 0.268
Gr4_EF462978 1750 2000 0.2
Gr4_EF462978 2000 2250 0.208
Gr4_EF462978 2250 2500 0.224
Gr4_EF462978 2500 2750 0.2
Gr4_EF462978 2750 3000 0.26
Gr4_EF462978 3000 3250 0.312
Gr4_EF462978 3250 3500 0.236
Gr4_EF462978 3500 3750 0.196
Gr4_EF462978 3750 4000 0.26
Gr4_EF462978 4000 4250 0.236
Gr4_EF462978 4250 4500 0.272
Gr4_EF462978 4500 4750 0.288
Gr4_EF462978 4750 5000 0.384
Gr4_EF462978 5000 5250 0.268
Gr4_EF462978 5250 5500 0.4
Gr4_EF462978 5500 5750 0.404
Gr4_EF462978 5750 6000 0.404
Gr4_EF462978 6000 6010 0.3
Gr5_EF462979 0 250 0.244
Gr5_EF462979 250 500 0.376
Gr5_EF462979 500 750 0.224
Gr5_EF462979 750 1000 0.296
Gr5_EF462979 1000 1250 0.316
Gr5_EF462979 1250 1500 0.376
Gr5_EF462979 1500 1750 0.456
Gr5_EF462979 1750 2000 0.344
Gr5_EF462979 2000 2250 0.388
Gr5_EF462979 2250 2500 0.336
Gr5_EF462979 2500 2750 0.364
Gr5_EF462979 2750 3000 0.388
Gr5_EF462979 3000 3250 0.504
Gr5_EF462979 3250 3500 0.556
Gr5_EF462979 3500 3750 0.484
Gr5_EF462979 3750 4000 0.5
Gr5_EF462979 4000 4250 0.216
Gr5_EF462979 4250 4500 0.34
Gr5_EF462979 4500 4750 0.26
Gr5_EF462979 4750 5000 0.396
Gr5_EF462979 5000 5250 0.416
Gr5_EF462979 5250 5480 0.426
Gr6_EF462980 0 250 0.272
Gr6_EF462980 250 500 0.208
Gr6_EF462980 500 750 0.272
Gr6_EF462980 750 1000 0.432
Gr6_EF462980 1000 1250 0.332
Gr6_EF462980 1250 1500 0.3
Gr6_EF462980 1500 1750 0.212
Gr6_EF462980 1750 2000 0.204
Gr6_EF462980 2000 2250 0.212
Gr6_EF462980 2250 2500 0.204
Gr6_EF462980 2500 2750 0.256
Gr6_EF462980 2750 3000 0.296
Gr6_EF462980 3000 3250 0.404
Gr6_EF462980 3250 3500 0.388
Gr6_EF462980 3500 3750 0.432
Gr6_EF462980 3750 4000 0.332
Gr6_EF462980 4000 4250 0.344
Gr6_EF462980 4250 4500 0.352
Gr6_EF462980 4500 4750 0.3
Gr6_EF462980 4750 5000 0.372
Gr6_EF462980 5000 5250 0.324
Gr6_EF462980 5250 5500 0.408
Gr6_EF462980 5500 5750 0.424
Gr6_EF462980 5750 5797 0.34
Gr7_EF462981 0 250 0.224
Gr7_EF462981 250 500 0.16
Gr7_EF462981 500 750 0.292
Gr7_EF462981 750 1000 0.316
Gr7_EF462981 1000 1250 0.26
Gr7_EF462981 1250 1500 0.304
Gr7_EF462981 1500 1750 0.292
Gr7_EF462981 1750 2000 0.288
Gr7_EF462981 2000 2250 0.504
Gr7_EF462981 2250 2500 0.332
Gr7_EF462981 2500 2750 0.3
Gr7_EF462981 2750 3000 0.288
Gr7_EF462981 3000 3250 0.312
Gr7_EF462981 3250 3500 0.372
Gr7_EF462981 3500 3750 0.556
Gr7_EF462981 3750 4000 0.444
Gr7_EF462981 4000 4250 0.248
Gr7_EF462981 4250 4500 0.328
Gr7_EF462981 4500 4750 0.4
Gr7_EF462981 4750 5000 0.396
Gr7_EF462981 5000 5250 0.344
Gr7_EF462981 5250 5308 0.241
