Gr1_EF193005 0 25 0.08
Gr1_EF193005 25 50 0.28
Gr1_EF193005 50 75 0.16
Gr1_EF193005 75 100 0.08
Gr1_EF193005 100 125 0.14
Gr1_EF193005 125 150 0.16
Gr1_EF193005 150 175 0.44
Gr1_EF193005 175 200 0.24
Gr1_EF193005 200 225 0.32
Gr1_EF193005 225 250 0.24
Gr1_EF193005 250 275 0.18
Gr1_EF193005 275 300 0.12
Gr1_EF193005 300 325 0.28
Gr1_EF193005 325 350 0.2
Gr1_EF193005 350 375 0.28
Gr1_EF193005 375 400 0.44
Gr1_EF193005 400 425 0.12
Gr1_EF193005 425 450 0.18
Gr1_EF193005 450 475 0.12
Gr1_EF193005 475 500 0.3
Gr1_EF193005 500 525 0.32
Gr1_EF193005 525 550 0.34
Gr1_EF193005 550 575 0.22
Gr1_EF193005 575 600 0.32
Gr1_EF193005 600 625 0.56
Gr1_EF193005 625 650 0.32
Gr1_EF193005 650 675 0.42
Gr1_EF193005 675 700 0.32
Gr1_EF193005 700 725 0.04
Gr1_EF193005 725 750 0.32
Gr1_EF193005 750 775 0.44
Gr1_EF193005 775 800 0.4
Gr1_EF193005 800 825 0.24
Gr1_EF193005 825 850 0.52
Gr1_EF193005 850 875 0.48
Gr1_EF193005 875 900 0.28
Gr1_EF193005 900 925 0.12
Gr1_EF193005 925 950 0.32
Gr1_EF193005 950 975 0.44
Gr1_EF193005 975 1000 0.12
Gr1_EF193005 1000 1025 0.2
Gr1_EF193005 1025 1050 0.36
Gr1_EF193005 1050 1075 0.32
Gr1_EF193005 1075 1100 0.24
Gr1_EF193005 1100 1125 0.2
Gr1_EF193005 1125 1150 0.16
Gr1_EF193005 1150 1175 0.16
Gr1_EF193005 1175 1200 0.4
Gr1_EF193005 1200 1225 0.32
Gr1_EF193005 1225 1250 0.16
Gr1_EF193005 1250 1275 0.16
Gr1_EF193005 1275 1300 0.16
Gr1_EF193005 1300 1325 0.6
Gr1_EF193005 1325 1350 0.24
Gr1_EF193005 1350 1375 0.24
Gr1_EF193005 1375 1400 0.32
Gr1_EF193005 1400 1425 0.08
Gr1_EF193005 1425 1450 0.12
Gr1_EF193005 1450 1475 0.52
Gr1_EF193005 1475 1500 0.44
Gr1_EF193005 1500 1525 0.44
Gr1_EF193005 1525 1550 0.4
Gr1_EF193005 1550 1575 0.4
Gr1_EF193005 1575 1600 0.28
Gr1_EF193005 1600 1625 0.12
Gr1_EF193005 1625 1650 0.16
Gr1_EF193005 1650 1675 0.36
Gr1_EF193005 1675 1700 0.56
Gr1_EF193005 1700 1725 0.48
Gr1_EF193005 1725 1750 0.36
Gr1_EF193005 1750 1775 0.4
Gr1_EF193005 1775 1800 0.24
Gr1_EF193005 1800 1825 0.24
Gr1_EF193005 1825 1850 0.2
Gr1_EF193005 1850 1875 0.36
Gr1_EF193005 1875 1900 0.32
Gr1_EF193005 1900 1925 0.48
Gr1_EF193005 1925 1950 0.28
Gr1_EF193005 1950 1975 0.44
Gr1_EF193005 1975 2000 0.52
Gr1_EF193005 2000 2025 0.16
Gr1_EF193005 2025 2050 0.4
Gr1_EF193005 2050 2075 0.24
Gr1_EF193005 2075 2100 0.32
Gr1_EF193005 2100 2125 0.2
Gr1_EF193005 2125 2150 0.24
Gr1_EF193005 2150 2175 0.12
Gr1_EF193005 2175 2200 0.44
Gr1_EF193005 2200 2225 0.16
Gr1_EF193005 2225 2250 0.2
Gr1_EF193005 2250 2275 0.12
Gr1_EF193005 2275 2300 0.48
Gr1_EF193005 2300 2325 0.32
Gr1_EF193005 2325 2350 0.32
Gr1_EF193005 2350 2375 0.24
Gr1_EF193005 2375 2400 0.2
Gr1_EF193005 2400 2425 0.2
Gr1_EF193005 2425 2450 0.36
Gr1_EF193005 2450 2475 0.12
Gr1_EF193005 2475 2500 0.08
Gr1_EF193005 2500 2525 0.28
Gr1_EF193005 2525 2550 0.48
Gr1_EF193005 2550 2575 0.6
Gr1_EF193005 2575 2600 0.12
Gr1_EF193005 2600 2625 0.24
Gr1_EF193005 2625 2650 0.28
Gr1_EF193005 2650 2675 0.32
Gr1_EF193005 2675 2700 0.24
Gr1_EF193005 2700 2725 0.52
Gr1_EF193005 2725 2750 0.24
Gr1_EF193005 2750 2775 0.36
Gr1_EF193005 2775 2800 0.32
Gr1_EF193005 2800 2825 0.24
Gr1_EF193005 2825 2850 0.2
Gr1_EF193005 2850 2875 0.28
Gr1_EF193005 2875 2900 0.2
Gr1_EF193005 2900 2925 0.48
Gr1_EF193005 2925 2950 0.24
Gr1_EF193005 2950 2975 0.32
Gr1_EF193005 2975 3000 0.48
Gr1_EF193005 3000 3025 0.4
Gr1_EF193005 3025 3050 0.52
Gr1_EF193005 3050 3075 0.4
Gr1_EF193005 3075 3100 0.4
Gr1_EF193005 3100 3125 0.2
Gr1_EF193005 3125 3150 0.24
Gr1_EF193005 3150 3175 0.28
Gr1_EF193005 3175 3200 0.24
Gr1_EF193005 3200 3225 0.12
Gr1_EF193005 3225 3250 0.2
Gr1_EF193005 3250 3275 0.12
Gr1_EF193005 3275 3300 0.16
Gr1_EF193005 3300 3325 0.36
Gr1_EF193005 3325 3350 0.28
Gr1_EF193005 3350 3375 0.36
Gr1_EF193005 3375 3400 0.36
Gr1_EF193005 3400 3425 0.4
Gr1_EF193005 3425 3450 0.36
Gr1_EF193005 3450 3475 0.12
Gr1_EF193005 3475 3500 0.32
Gr1_EF193005 3500 3525 0.28
Gr1_EF193005 3525 3550 0.24
Gr1_EF193005 3550 3575 0.32
Gr1_EF193005 3575 3600 0.56
Gr1_EF193005 3600 3625 0.28
Gr1_EF193005 3625 3650 0.08
Gr1_EF193005 3650 3675 0.28
Gr1_EF193005 3675 3700 0.16
Gr1_EF193005 3700 3725 0.28
Gr1_EF193005 3725 3750 0.24
Gr1_EF193005 3750 3775 0.4
Gr1_EF193005 3775 3800 0.28
Gr1_EF193005 3800 3825 0.24
Gr1_EF193005 3825 3850 0.08
Gr1_EF193005 3850 3875 0.24
Gr1_EF193005 3875 3900 0.08
Gr1_EF193005 3900 3925 0.24
Gr1_EF193005 3925 3950 0.16
Gr1_EF193005 3950 3975 0.48
Gr1_EF193005 3975 4000 0.4
Gr1_EF193005 4000 4025 0.16
Gr1_EF193005 4025 4050 0.32
Gr1_EF193005 4050 4075 0.4
Gr1_EF193005 4075 4100 0.24
Gr1_EF193005 4100 4125 0.16
Gr1_EF193005 4125 4150 0.28
Gr1_EF193005 4150 4175 0.2
Gr1_EF193005 4175 4200 0.28
Gr1_EF193005 4200 4225 0.4
Gr1_EF193005 4225 4250 0.2
Gr1_EF193005 4250 4275 0.16
Gr1_EF193005 4275 4300 0.36
Gr1_EF193005 4300 4325 0.44
Gr1_EF193005 4325 4350 0.12
Gr1_EF193005 4350 4375 0.24
Gr1_EF193005 4375 4400 0.2
Gr1_EF193005 4400 4425 0.32
Gr1_EF193005 4425 4450 0.32
Gr1_EF193005 4450 4475 0.32
Gr1_EF193005 4475 4500 0.4
Gr1_EF193005 4500 4525 0.32
Gr1_EF193005 4525 4550 0.36
Gr1_EF193005 4550 4575 0.36
Gr1_EF193005 4575 4600 0.4
Gr1_EF193005 4600 4625 0.24
Gr1_EF193005 4625 4650 0.12
Gr1_EF193005 4650 4675 0.24
Gr1_EF193005 4675 4700 0.32
Gr1_EF193005 4700 4725 0.36
Gr1_EF193005 4725 4750 0.44
Gr1_EF193005 4750 4775 0.48
Gr1_EF193005 4775 4800 0.48
Gr1_EF193005 4800 4825 0.12
Gr1_EF193005 4825 4850 0.36
Gr1_EF193005 4850 4875 0.2
Gr1_EF193005 4875 4900 0.36
Gr1_EF193005 4900 4925 0.4
Gr1_EF193005 4925 4950 0.36
Gr1_EF193005 4950 4975 0.24
Gr1_EF193005 4975 5000 0.24
Gr1_EF193005 5000 5025 0.48
Gr1_EF193005 5025 5050 0.44
Gr1_EF193005 5050 5075 0.44
Gr1_EF193005 5075 5100 0.44
Gr1_EF193005 5100 5125 0.56
Gr1_EF193005 5125 5150 0.56
Gr1_EF193005 5150 5175 0.32
Gr1_EF193005 5175 5200 0.56
Gr1_EF193005 5200 5225 0.44
Gr1_EF193005 5225 5250 0.48
Gr1_EF193005 5250 5275 0.4
Gr1_EF193005 5275 5300 0.52
Gr1_EF193005 5300 5325 0.52
Gr1_EF193005 5325 5350 0.56
Gr1_EF193005 5350 5375 0.6
Gr1_EF193005 5375 5400 0.68
Gr1_EF193005 5400 5425 0.6
Gr1_EF193005 5425 5450 0.36
Gr1_EF193005 5450 5475 0.44
Gr1_EF193005 5475 5500 0.16
Gr1_EF193005 5500 5525 0.28
Gr1_EF193005 5525 5550 0.04
Gr1_EF193005 5550 5575 0.36
Gr1_EF193005 5575 5600 0.32
Gr1_EF193005 5600 5625 0.16
Gr1_EF193005 5625 5650 0.24
Gr1_EF193005 5650 5675 0.64
Gr1_EF193005 5675 5700 0.32
Gr1_EF193005 5700 5725 0.48
Gr1_EF193005 5725 5750 0.36
Gr1_EF193005 5750 5775 0.52
Gr1_EF193005 5775 5800 0.2
Gr1_EF193005 5800 5825 0.24
Gr1_EF193005 5825 5850 0.48
Gr1_EF193005 5850 5875 0.64
Gr1_EF193005 5875 5900 0.52
Gr1_EF193005 5900 5925 0.52
Gr1_EF193005 5925 5950 0.52
Gr1_EF193005 5950 5975 0.52
Gr1_EF193005 5975 6000 0.56
Gr1_EF193005 6000 6025 0.48
Gr1_EF193005 6025 6050 0.2
Gr1_EF193005 6050 6075 0.44
Gr1_EF193005 6075 6100 0.28
Gr1_EF193005 6100 6125 0.24
Gr1_EF193005 6125 6150 0.4
Gr1_EF193005 6150 6175 0.6
Gr1_EF193005 6175 6200 0.4
Gr1_EF193005 6200 6225 0.24
Gr1_EF193005 6225 6250 0.12
Gr1_EF193005 6250 6275 0.52
Gr1_EF193005 6275 6300 0.48
Gr1_EF193005 6300 6325 0.48
Gr1_EF193005 6325 6350 0.4
Gr1_EF193005 6350 6375 0.36
Gr1_EF193005 6375 6400 0.12
Gr1_EF193005 6400 6425 0.68
Gr1_EF193005 6425 6450 0.6
Gr1_EF193005 6450 6475 0.4
Gr1_EF193005 6475 6500 0.36
Gr1_EF193005 6500 6525 0.44
Gr1_EF193005 6525 6550 0.36
Gr1_EF193005 6550 6575 0.48
Gr1_EF193005 6575 6600 0.36
Gr1_EF193005 6600 6625 0.32
Gr1_EF193005 6625 6650 0.4
Gr1_EF193005 6650 6675 0.16
Gr1_EF193005 6675 6700 0.2
Gr1_EF193005 6700 6725 0.12
Gr1_EF193005 6725 6750 0.2
Gr1_EF193005 6750 6775 0.72
Gr1_EF193005 6775 6800 0.68
Gr1_EF193005 6800 6825 0.48
Gr1_EF193005 6825 6850 0.4
Gr1_EF193005 6850 6875 0.32
Gr1_EF193005 6875 6900 0.48
Gr1_EF193005 6900 6925 0.64
Gr1_EF193005 6925 6950 0.48
Gr1_EF193005 6950 6975 0.24
Gr1_EF193005 6975 7000 0.32
Gr1_EF193005 7000 7025 0.16
Gr1_EF193005 7025 7050 0.32
Gr1_EF193005 7050 7075 0.36
Gr1_EF193005 7075 7100 0.08
Gr1_EF193005 7100 7125 0.38
Gr1_EF193005 7125 7150 0.24
Gr1_EF193005 7150 7175 0.24
Gr1_EF193005 7175 7200 0.36
Gr1_EF193005 7200 7225 0.48
Gr1_EF193005 7225 7250 0.38
Gr1_EF193005 7250 7275 0.4
Gr1_EF193005 7275 7300 0.52
Gr1_EF193005 7300 7325 0.4
Gr1_EF193005 7325 7350 0.48
Gr1_EF193005 7350 7375 0.56
Gr1_EF193005 7375 7400 0.48
Gr1_EF193005 7400 7425 0.28
Gr1_EF193005 7425 7450 0.24
Gr1_EF193005 7450 7475 0.28
Gr1_EF193005 7475 7500 0.56
Gr1_EF193005 7500 7525 0.38
Gr1_EF193005 7525 7550 0.52
Gr1_EF193005 7550 7575 0.26
Gr1_EF193005 7575 7600 0.36
Gr1_EF193005 7600 7625 0.32
Gr1_EF193005 7625 7650 0.56
Gr1_EF193005 7650 7675 0.36
Gr1_EF193005 7675 7700 0.36
Gr1_EF193005 7700 7725 0.4
Gr1_EF193005 7725 7750 0.44
Gr1_EF193005 7750 7775 0.52
Gr1_EF193005 7775 7800 0.6
Gr1_EF193005 7800 7825 0.6
Gr1_EF193005 7825 7850 0.48
Gr1_EF193005 7850 7875 0.48
Gr1_EF193005 7875 7900 0.44
Gr1_EF193005 7900 7925 0.48
Gr1_EF193005 7925 7950 0.52
Gr1_EF193005 7950 7975 0.48
Gr1_EF193005 7975 8000 0.64
Gr1_EF193005 8000 8025 0.4
Gr1_EF193005 8025 8050 0.64
Gr1_EF193005 8050 8075 0.64
Gr1_EF193005 8075 8100 0.28
Gr1_EF193005 8100 8125 0.48
Gr1_EF193005 8125 8150 0.56
Gr1_EF193005 8150 8175 0.28
Gr1_EF193005 8175 8200 0.32
Gr1_EF193005 8200 8225 0.4
Gr1_EF193005 8225 8250 0.36
Gr1_EF193005 8250 8275 0.48
Gr1_EF193005 8275 8300 0.4
Gr1_EF193005 8300 8325 0.56
Gr1_EF193005 8325 8350 0.32
Gr1_EF193005 8350 8375 0.64
Gr1_EF193005 8375 8400 0.36
Gr1_EF193005 8400 8425 0.4
Gr1_EF193005 8425 8450 0.24
Gr1_EF193005 8450 8475 0.36
Gr1_EF193005 8475 8500 0.44
Gr1_EF193005 8500 8525 0.36
Gr1_EF193005 8525 8550 0.44
Gr1_EF193005 8550 8575 0.24
Gr1_EF193005 8575 8600 0.16
Gr1_EF193005 8600 8625 0.2
Gr1_EF193005 8625 8650 0.24
Gr1_EF193005 8650 8675 0.32
Gr1_EF193005 8675 8700 0.56
Gr1_EF193005 8700 8725 0.32
Gr1_EF193005 8725 8750 0.44
Gr1_EF193005 8750 8775 0.28
Gr1_EF193005 8775 8800 0.2
Gr1_EF193005 8800 8825 0.16
Gr1_EF193005 8825 8850 0.04
Gr1_EF193005 8850 8875 0.32
Gr1_EF193005 8875 8900 0.16
Gr1_EF193005 8900 8925 0.12
Gr1_EF193005 8925 8950 0.32
Gr1_EF193005 8950 8975 0.36
Gr1_EF193005 8975 9000 0.44
Gr1_EF193005 9000 9025 0.32
Gr1_EF193005 9025 9050 0.52
Gr1_EF193005 9050 9075 0.12
Gr1_EF193005 9075 9100 0.64
Gr1_EF193005 9100 9125 0.4
Gr1_EF193005 9125 9150 0.32
Gr1_EF193005 9150 9175 0.36
Gr1_EF193005 9175 9200 0.2
Gr1_EF193005 9200 9210 0.2
Gr2_EF462976 0 25 0.16
Gr2_EF462976 25 50 0.28
Gr2_EF462976 50 75 0.32
Gr2_EF462976 75 100 0.36
Gr2_EF462976 100 125 0.16
Gr2_EF462976 125 150 0.24
Gr2_EF462976 150 175 0.12
Gr2_EF462976 175 200 0.64
Gr2_EF462976 200 225 0.36
Gr2_EF462976 225 250 0.32
Gr2_EF462976 250 275 0.16
Gr2_EF462976 275 300 0.24
Gr2_EF462976 300 325 0.16
Gr2_EF462976 325 350 0.28
Gr2_EF462976 350 375 0.16
Gr2_EF462976 375 400 0.2
Gr2_EF462976 400 425 0.44
Gr2_EF462976 425 450 0.24
Gr2_EF462976 450 475 0.16
Gr2_EF462976 475 500 0.28
Gr2_EF462976 500 525 0.48
Gr2_EF462976 525 550 0.24
Gr2_EF462976 550 575 0.2
Gr2_EF462976 575 600 0.28
Gr2_EF462976 600 625 0.32
Gr2_EF462976 625 650 0.28
Gr2_EF462976 650 675 0.32
Gr2_EF462976 675 700 0.24
Gr2_EF462976 700 725 0.48
Gr2_EF462976 725 750 0.12
Gr2_EF462976 750 775 0.24
Gr2_EF462976 775 800 0.44
Gr2_EF462976 800 825 0.56
Gr2_EF462976 825 850 0.28
Gr2_EF462976 850 875 0.28
Gr2_EF462976 875 900 0.44
Gr2_EF462976 900 925 0.44
Gr2_EF462976 925 950 0.56
Gr2_EF462976 950 975 0.28
Gr2_EF462976 975 1000 0.4
Gr2_EF462976 1000 1025 0.2
Gr2_EF462976 1025 1050 0.2
Gr2_EF462976 1050 1075 0.16
Gr2_EF462976 1075 1100 0.36
Gr2_EF462976 1100 1125 0.16
Gr2_EF462976 1125 1150 0.24
Gr2_EF462976 1150 1175 0.2
Gr2_EF462976 1175 1200 0.2
Gr2_EF462976 1200 1225 0.28
Gr2_EF462976 1225 1250 0.28
Gr2_EF462976 1250 1275 0.36
Gr2_EF462976 1275 1300 0.28
Gr2_EF462976 1300 1325 0.48
Gr2_EF462976 1325 1350 0.48
Gr2_EF462976 1350 1375 0.24
Gr2_EF462976 1375 1400 0.44
Gr2_EF462976 1400 1425 0.36
Gr2_EF462976 1425 1450 0.28
Gr2_EF462976 1450 1475 0.24
Gr2_EF462976 1475 1500 0.68
Gr2_EF462976 1500 1525 0.32
Gr2_EF462976 1525 1550 0.36
Gr2_EF462976 1550 1575 0.04
Gr2_EF462976 1575 1600 0.28
Gr2_EF462976 1600 1625 0.16
Gr2_EF462976 1625 1650 0.2
Gr2_EF462976 1650 1675 0.16
Gr2_EF462976 1675 1700 0.2
Gr2_EF462976 1700 1725 0.36
Gr2_EF462976 1725 1750 0.24
Gr2_EF462976 1750 1775 0.28
Gr2_EF462976 1775 1800 0.2
Gr2_EF462976 1800 1825 0.44
Gr2_EF462976 1825 1850 0.2
Gr2_EF462976 1850 1875 0.12
Gr2_EF462976 1875 1900 0.32
Gr2_EF462976 1900 1925 0.48
Gr2_EF462976 1925 1950 0.16
Gr2_EF462976 1950 1975 0.32
Gr2_EF462976 1975 2000 0.08
Gr2_EF462976 2000 2025 0.32
Gr2_EF462976 2025 2050 0.36
Gr2_EF462976 2050 2075 0.52
Gr2_EF462976 2075 2100 0.16
Gr2_EF462976 2100 2125 0.28
Gr2_EF462976 2125 2150 0.32
Gr2_EF462976 2150 2175 0.24
Gr2_EF462976 2175 2200 0.36
Gr2_EF462976 2200 2225 0.44
Gr2_EF462976 2225 2250 0.2
Gr2_EF462976 2250 2275 0.36
Gr2_EF462976 2275 2300 0.36
Gr2_EF462976 2300 2325 0.16
Gr2_EF462976 2325 2350 0.32
Gr2_EF462976 2350 2375 0.68
Gr2_EF462976 2375 2400 0.76
Gr2_EF462976 2400 2425 0.68
Gr2_EF462976 2425 2450 0.6
Gr2_EF462976 2450 2475 0.52
Gr2_EF462976 2475 2500 0.48
Gr2_EF462976 2500 2525 0.84
Gr2_EF462976 2525 2550 0.4
Gr2_EF462976 2550 2575 0.52
Gr2_EF462976 2575 2600 0.44
Gr2_EF462976 2600 2625 0.52
Gr2_EF462976 2625 2650 0.6
Gr2_EF462976 2650 2675 0.36
Gr2_EF462976 2675 2700 0.2
Gr2_EF462976 2700 2725 0.6
Gr2_EF462976 2725 2750 0.48
Gr2_EF462976 2750 2775 0.68
Gr2_EF462976 2775 2800 0.12
Gr2_EF462976 2800 2825 0.4
Gr2_EF462976 2825 2850 0.32
Gr2_EF462976 2850 2875 0.28
Gr2_EF462976 2875 2900 0.08
Gr2_EF462976 2900 2925 0.24
Gr2_EF462976 2925 2950 0.36
Gr2_EF462976 2950 2975 0.36
Gr2_EF462976 2975 3000 0.32
Gr2_EF462976 3000 3025 0.24
Gr2_EF462976 3025 3050 0.32
Gr2_EF462976 3050 3075 0.28
Gr2_EF462976 3075 3100 0.48
Gr2_EF462976 3100 3125 0.32
Gr2_EF462976 3125 3150 0.16
Gr2_EF462976 3150 3175 0.36
Gr2_EF462976 3175 3200 0.36
Gr2_EF462976 3200 3225 0.32
Gr2_EF462976 3225 3250 0.32
Gr2_EF462976 3250 3275 0.16
Gr2_EF462976 3275 3300 0.44
Gr2_EF462976 3300 3325 0.36
Gr2_EF462976 3325 3350 0.24
Gr2_EF462976 3350 3375 0.28
Gr2_EF462976 3375 3400 0.16
Gr2_EF462976 3400 3425 0.32
Gr2_EF462976 3425 3450 0.2
Gr2_EF462976 3450 3475 0.24
Gr2_EF462976 3475 3500 0.24
Gr2_EF462976 3500 3525 0.16
Gr2_EF462976 3525 3550 0.36
Gr2_EF462976 3550 3575 0.36
Gr2_EF462976 3575 3600 0.4
Gr2_EF462976 3600 3625 0.24
Gr2_EF462976 3625 3650 0.36
Gr2_EF462976 3650 3675 0.2
Gr2_EF462976 3675 3700 0.4
Gr2_EF462976 3700 3725 0.48
Gr2_EF462976 3725 3750 0.36
Gr2_EF462976 3750 3775 0.6
Gr2_EF462976 3775 3800 0.32
Gr2_EF462976 3800 3825 0.4
Gr2_EF462976 3825 3850 0.48
Gr2_EF462976 3850 3875 0.52
Gr2_EF462976 3875 3900 0.36
Gr2_EF462976 3900 3925 0.16
Gr2_EF462976 3925 3950 0.48
Gr2_EF462976 3950 3975 0.32
Gr2_EF462976 3975 4000 0.4
Gr2_EF462976 4000 4025 0.32
Gr2_EF462976 4025 4050 0.36
Gr2_EF462976 4050 4075 0.4
Gr2_EF462976 4075 4100 0.68
Gr2_EF462976 4100 4125 0.6
Gr2_EF462976 4125 4150 0.64
Gr2_EF462976 4150 4175 0.44
Gr2_EF462976 4175 4200 0.56
Gr2_EF462976 4200 4225 0.32
Gr2_EF462976 4225 4250 0.28
Gr2_EF462976 4250 4275 0.48
Gr2_EF462976 4275 4300 0.44
Gr2_EF462976 4300 4325 0.32
Gr2_EF462976 4325 4350 0.48
Gr2_EF462976 4350 4375 0.4
Gr2_EF462976 4375 4400 0.2
Gr2_EF462976 4400 4425 0.2
Gr2_EF462976 4425 4450 0.2
Gr2_EF462976 4450 4475 0.36
Gr2_EF462976 4475 4500 0.32
Gr2_EF462976 4500 4525 0.08
Gr2_EF462976 4525 4550 0.36
Gr2_EF462976 4550 4575 0.28
Gr2_EF462976 4575 4600 0.28
Gr2_EF462976 4600 4625 0.44
Gr2_EF462976 4625 4650 0.36
Gr2_EF462976 4650 4675 0.48
Gr2_EF462976 4675 4700 0.48
Gr2_EF462976 4700 4725 0.44
Gr2_EF462976 4725 4750 0.56
Gr2_EF462976 4750 4775 0.4
Gr2_EF462976 4775 4800 0.56
Gr2_EF462976 4800 4825 0.52
Gr2_EF462976 4825 4850 0.36
Gr2_EF462976 4850 4875 0.36
Gr2_EF462976 4875 4900 0.16
Gr2_EF462976 4900 4925 0.08
Gr2_EF462976 4925 4950 0.56
Gr2_EF462976 4950 4975 0.44
Gr2_EF462976 4975 5000 0.32
Gr2_EF462976 5000 5025 0.36
Gr2_EF462976 5025 5050 0.44
Gr2_EF462976 5050 5075 0.4
Gr2_EF462976 5075 5100 0.52
Gr2_EF462976 5100 5125 0.52
Gr2_EF462976 5125 5150 0.52
Gr2_EF462976 5150 5175 0.4
Gr2_EF462976 5175 5200 0.36
Gr2_EF462976 5200 5225 0.64
Gr2_EF462976 5225 5250 0.52
Gr2_EF462976 5250 5275 0.56
Gr2_EF462976 5275 5300 0.68
Gr2_EF462976 5300 5325 0.64
Gr2_EF462976 5325 5350 0.52
Gr2_EF462976 5350 5375 0.36
Gr2_EF462976 5375 5400 0.52
Gr2_EF462976 5400 5425 0.32
Gr2_EF462976 5425 5450 0.4
Gr2_EF462976 5450 5475 0.36
Gr2_EF462976 5475 5500 0.36
Gr2_EF462976 5500 5525 0.48
Gr2_EF462976 5525 5550 0.44
Gr2_EF462976 5550 5575 0.56
Gr2_EF462976 5575 5600 0.36
Gr2_EF462976 5600 5625 0.44
Gr2_EF462976 5625 5650 0.48
Gr2_EF462976 5650 5675 0.44
Gr2_EF462976 5675 5700 0.32
Gr2_EF462976 5700 5725 0.36
Gr2_EF462976 5725 5750 0.48
Gr2_EF462976 5750 5775 0.36
Gr2_EF462976 5775 5800 0.56
Gr2_EF462976 5800 5825 0.24
Gr2_EF462976 5825 5850 0.2
Gr2_EF462976 5850 5875 0.12
Gr2_EF462976 5875 5900 0.2
Gr2_EF462976 5900 5925 0.24
Gr2_EF462976 5925 5950 0.24
Gr2_EF462976 5950 5975 0.2
Gr2_EF462976 5975 6000 0.24
Gr2_EF462976 6000 6025 0.08
Gr2_EF462976 6025 6050 0.08
Gr2_EF462976 6050 6075 0.56
Gr2_EF462976 6075 6100 0.44
Gr2_EF462976 6100 6125 0.36
Gr2_EF462976 6125 6150 0.28
Gr2_EF462976 6150 6175 0.64
Gr2_EF462976 6175 6200 0.64
Gr2_EF462976 6200 6225 0.56
Gr2_EF462976 6225 6250 0.2
Gr2_EF462976 6250 6275 0.36
Gr2_EF462976 6275 6300 0.12
Gr2_EF462976 6300 6325 0.04
Gr2_EF462976 6325 6350 0.48
Gr2_EF462976 6350 6375 0.44
Gr2_EF462976 6375 6400 0.52
Gr2_EF462976 6400 6425 0.4
Gr2_EF462976 6425 6450 0.2
Gr2_EF462976 6450 6475 0.32
Gr2_EF462976 6475 6500 0.36
Gr2_EF462976 6500 6525 0.36
Gr2_EF462976 6525 6550 0.2
Gr2_EF462976 6550 6575 0.44
Gr2_EF462976 6575 6600 0.6
Gr2_EF462976 6600 6604 0.5
Gr3_EF462977 0 25 0.2
Gr3_EF462977 25 50 0.16
Gr3_EF462977 50 75 0.2
Gr3_EF462977 75 100 0.28
Gr3_EF462977 100 125 0.12
Gr3_EF462977 125 150 0.2
Gr3_EF462977 150 175 0.52
Gr3_EF462977 175 200 0.12
Gr3_EF462977 200 225 0.2
Gr3_EF462977 225 250 0.24
Gr3_EF462977 250 275 0.24
Gr3_EF462977 275 300 0.6
Gr3_EF462977 300 325 0.2
Gr3_EF462977 325 350 0.32
Gr3_EF462977 350 375 0.4
Gr3_EF462977 375 400 0.28
Gr3_EF462977 400 425 0.52
Gr3_EF462977 425 450 0.52
Gr3_EF462977 450 475 0.4
Gr3_EF462977 475 500 0.44
Gr3_EF462977 500 525 0.52
Gr3_EF462977 525 550 0.4
Gr3_EF462977 550 575 0.28
Gr3_EF462977 575 600 0.44
Gr3_EF462977 600 625 0.36
Gr3_EF462977 625 650 0.36
Gr3_EF462977 650 675 0.2
Gr3_EF462977 675 700 0.44
Gr3_EF462977 700 725 0.44
Gr3_EF462977 725 750 0.32
Gr3_EF462977 750 775 0.16
Gr3_EF462977 775 800 0.08
Gr3_EF462977 800 825 0.24
Gr3_EF462977 825 850 0.2
Gr3_EF462977 850 875 0.08
Gr3_EF462977 875 900 0.0
Gr3_EF462977 900 925 0.2
Gr3_EF462977 925 950 0.6
Gr3_EF462977 950 975 0.4
Gr3_EF462977 975 1000 0.16
Gr3_EF462977 1000 1025 0.2
Gr3_EF462977 1025 1050 0.16
Gr3_EF462977 1050 1075 0.28
Gr3_EF462977 1075 1100 0.16
Gr3_EF462977 1100 1125 0.28
Gr3_EF462977 1125 1150 0.24
Gr3_EF462977 1150 1175 0.4
Gr3_EF462977 1175 1200 0.44
Gr3_EF462977 1200 1225 0.2
Gr3_EF462977 1225 1250 0.16
Gr3_EF462977 1250 1275 0.32
Gr3_EF462977 1275 1300 0.12
Gr3_EF462977 1300 1325 0.2
Gr3_EF462977 1325 1350 0.56
Gr3_EF462977 1350 1375 0.44
Gr3_EF462977 1375 1400 0.28
Gr3_EF462977 1400 1425 0.36
Gr3_EF462977 1425 1450 0.28
Gr3_EF462977 1450 1475 0.16
Gr3_EF462977 1475 1500 0.32
Gr3_EF462977 1500 1525 0.36
Gr3_EF462977 1525 1550 0.32
Gr3_EF462977 1550 1575 0.36
Gr3_EF462977 1575 1600 0.28
Gr3_EF462977 1600 1625 0.2
Gr3_EF462977 1625 1650 0.24
Gr3_EF462977 1650 1675 0.16
Gr3_EF462977 1675 1700 0.2
Gr3_EF462977 1700 1725 0.16
Gr3_EF462977 1725 1750 0.08
Gr3_EF462977 1750 1775 0.2
Gr3_EF462977 1775 1800 0.4
Gr3_EF462977 1800 1825 0.04
Gr3_EF462977 1825 1850 0.2
Gr3_EF462977 1850 1875 0.08
Gr3_EF462977 1875 1900 0.28
Gr3_EF462977 1900 1925 0.44
Gr3_EF462977 1925 1950 0.68
Gr3_EF462977 1950 1975 0.6
Gr3_EF462977 1975 2000 0.64
Gr3_EF462977 2000 2025 0.4
Gr3_EF462977 2025 2050 0.64
Gr3_EF462977 2050 2075 0.64
Gr3_EF462977 2075 2100 0.28
Gr3_EF462977 2100 2125 0.48
Gr3_EF462977 2125 2150 0.08
Gr3_EF462977 2150 2175 0.32
Gr3_EF462977 2175 2200 0.04
Gr3_EF462977 2200 2225 0.16
Gr3_EF462977 2225 2250 0.28
Gr3_EF462977 2250 2275 0.24
Gr3_EF462977 2275 2300 0.28
Gr3_EF462977 2300 2325 0.12
Gr3_EF462977 2325 2350 0.2
Gr3_EF462977 2350 2375 0.28
Gr3_EF462977 2375 2400 0.32
Gr3_EF462977 2400 2425 0.36
Gr3_EF462977 2425 2450 0.64
Gr3_EF462977 2450 2475 0.36
Gr3_EF462977 2475 2500 0.72
Gr3_EF462977 2500 2525 0.28
Gr3_EF462977 2525 2550 0.4
Gr3_EF462977 2550 2575 0.24
Gr3_EF462977 2575 2600 0.2
Gr3_EF462977 2600 2625 0.32
Gr3_EF462977 2625 2650 0.52
Gr3_EF462977 2650 2675 0.32
Gr3_EF462977 2675 2700 0.6
Gr3_EF462977 2700 2725 0.28
Gr3_EF462977 2725 2750 0.48
Gr3_EF462977 2750 2775 0.44
Gr3_EF462977 2775 2800 0.52
Gr3_EF462977 2800 2825 0.32
Gr3_EF462977 2825 2850 0.24
Gr3_EF462977 2850 2875 0.56
Gr3_EF462977 2875 2900 0.52
Gr3_EF462977 2900 2925 0.36
Gr3_EF462977 2925 2950 0.2
Gr3_EF462977 2950 2975 0.32
Gr3_EF462977 2975 3000 0.28
Gr3_EF462977 3000 3025 0.48
Gr3_EF462977 3025 3050 0.48
Gr3_EF462977 3050 3075 0.6
Gr3_EF462977 3075 3100 0.64
Gr3_EF462977 3100 3125 0.4
Gr3_EF462977 3125 3150 0.4
Gr3_EF462977 3150 3175 0.44
Gr3_EF462977 3175 3192 0.294
Gr4_EF462978 0 25 0.32
Gr4_EF462978 25 50 0.08
Gr4_EF462978 50 75 0.24
Gr4_EF462978 75 100 0.28
Gr4_EF462978 100 125 0.24
Gr4_EF462978 125 150 0.32
Gr4_EF462978 150 175 0.16
Gr4_EF462978 175 200 0.16
Gr4_EF462978 200 225 0.2
Gr4_EF462978 225 250 0.2
Gr4_EF462978 250 275 0.4
Gr4_EF462978 275 300 0.36
Gr4_EF462978 300 325 0.32
Gr4_EF462978 325 350 0.24
Gr4_EF462978 350 375 0.28
Gr4_EF462978 375 400 0.2
Gr4_EF462978 400 425 0.12
Gr4_EF462978 425 450 0.16
Gr4_EF462978 450 475 0.2
Gr4_EF462978 475 500 0.24
Gr4_EF462978 500 525 0.36
Gr4_EF462978 525 550 0.36
Gr4_EF462978 550 575 0.2
Gr4_EF462978 575 600 0.48
Gr4_EF462978 600 625 0.32
Gr4_EF462978 625 650 0.28
Gr4_EF462978 650 675 0.36
Gr4_EF462978 675 700 0.32
Gr4_EF462978 700 725 0.48
Gr4_EF462978 725 750 0.32
Gr4_EF462978 750 775 0.16
Gr4_EF462978 775 800 0.2
Gr4_EF462978 800 825 0.36
Gr4_EF462978 825 850 0.24
Gr4_EF462978 850 875 0.4
Gr4_EF462978 875 900 0.36
Gr4_EF462978 900 925 0.44
Gr4_EF462978 925 950 0.08
Gr4_EF462978 950 975 0.24
Gr4_EF462978 975 1000 0.24
Gr4_EF462978 1000 1025 0.28
Gr4_EF462978 1025 1050 0.4
Gr4_EF462978 1050 1075 0.36
Gr4_EF462978 1075 1100 0.16
Gr4_EF462978 1100 1125 0.4
Gr4_EF462978 1125 1150 0.32
Gr4_EF462978 1150 1175 0.36
Gr4_EF462978 1175 1200 0.32
Gr4_EF462978 1200 1225 0.44
Gr4_EF462978 1225 1250 0.28
Gr4_EF462978 1250 1275 0.16
Gr4_EF462978 1275 1300 0.28
Gr4_EF462978 1300 1325 0.4
Gr4_EF462978 1325 1350 0.4
Gr4_EF462978 1350 1375 0.6
Gr4_EF462978 1375 1400 0.48
Gr4_EF462978 1400 1425 0.52
Gr4_EF462978 1425 1450 0.52
Gr4_EF462978 1450 1475 0.56
Gr4_EF462978 1475 1500 0.28
Gr4_EF462978 1500 1525 0.44
Gr4_EF462978 1525 1550 0.48
Gr4_EF462978 1550 1575 0.36
Gr4_EF462978 1575 1600 0.12
Gr4_EF462978 1600 1625 0.36
Gr4_EF462978 1625 1650 0.08
Gr4_EF462978 1650 1675 0.28
Gr4_EF462978 1675 1700 0.08
Gr4_EF462978 1700 1725 0.08
Gr4_EF462978 1725 1750 0.4
Gr4_EF462978 1750 1775 0.32
Gr4_EF462978 1775 1800 0.24
Gr4_EF462978 1800 1825 0.16
Gr4_EF462978 1825 1850 0.12
Gr4_EF462978 1850 1875 0.28
Gr4_EF462978 1875 1900 0.08
Gr4_EF462978 1900 1925 0.12
Gr4_EF462978 1925 1950 0.08
Gr4_EF462978 1950 1975 0.2
Gr4_EF462978 1975 2000 0.4
Gr4_EF462978 2000 2025 0.2
Gr4_EF462978 2025 2050 0.2
Gr4_EF462978 2050 2075 0.04
Gr4_EF462978 2075 2100 0.08
Gr4_EF462978 2100 2125 0.24
Gr4_EF462978 2125 2150 0.44
Gr4_EF462978 2150 2175 0.12
Gr4_EF462978 2175 2200 0.12
Gr4_EF462978 2200 2225 0.24
Gr4_EF462978 2225 2250 0.4
Gr4_EF462978 2250 2275 0.28
Gr4_EF462978 2275 2300 0.2
Gr4_EF462978 2300 2325 0.08
Gr4_EF462978 2325 2350 0.16
Gr4_EF462978 2350 2375 0.32
Gr4_EF462978 2375 2400 0.12
Gr4_EF462978 2400 2425 0.4
Gr4_EF462978 2425 2450 0.24
Gr4_EF462978 2450 2475 0.12
Gr4_EF462978 2475 2500 0.32
Gr4_EF462978 2500 2525 0.28
Gr4_EF462978 2525 2550 0.32
Gr4_EF462978 2550 2575 0.16
Gr4_EF462978 2575 2600 0.28
Gr4_EF462978 2600 2625 0.16
Gr4_EF462978 2625 2650 0.44
Gr4_EF462978 2650 2675 0.08
Gr4_EF462978 2675 2700 0.08
Gr4_EF462978 2700 2725 0.08
Gr4_EF462978 2725 2750 0.12
Gr4_EF462978 2750 2775 0.28
Gr4_EF462978 2775 2800 0.44
Gr4_EF462978 2800 2825 0.28
Gr4_EF462978 2825 2850 0.08
Gr4_EF462978 2850 2875 0.08
Gr4_EF462978 2875 2900 0.08
Gr4_EF462978 2900 2925 0.12
Gr4_EF462978 2925 2950 0.28
Gr4_EF462978 2950 2975 0.48
Gr4_EF462978 2975 3000 0.48
Gr4_EF462978 3000 3025 0.4
Gr4_EF462978 3025 3050 0.2
Gr4_EF462978 3050 3075 0.44
Gr4_EF462978 3075 3100 0.36
Gr4_EF462978 3100 3125 0.36
Gr4_EF462978 3125 3150 0.4
Gr4_EF462978 3150 3175 0.2
Gr4_EF462978 3175 3200 0.24
Gr4_EF462978 3200 3225 0.2
Gr4_EF462978 3225 3250 0.32
Gr4_EF462978 3250 3275 0.16
Gr4_EF462978 3275 3300 0.32
Gr4_EF462978 3300 3325 0.48
Gr4_EF462978 3325 3350 0.0
Gr4_EF462978 3350 3375 0.32
Gr4_EF462978 3375 3400 0.16
Gr4_EF462978 3400 3425 0.24
Gr4_EF462978 3425 3450 0.4
Gr4_EF462978 3450 3475 0.16
Gr4_EF462978 3475 3500 0.12
Gr4_EF462978 3500 3525 0.2
Gr4_EF462978 3525 3550 0.16
Gr4_EF462978 3550 3575 0.4
Gr4_EF462978 3575 3600 0.12
Gr4_EF462978 3600 3625 0.08
Gr4_EF462978 3625 3650 0.24
Gr4_EF462978 3650 3675 0.16
Gr4_EF462978 3675 3700 0.08
Gr4_EF462978 3700 3725 0.16
Gr4_EF462978 3725 3750 0.36
Gr4_EF462978 3750 3775 0.2
Gr4_EF462978 3775 3800 0.08
Gr4_EF462978 3800 3825 0.28
Gr4_EF462978 3825 3850 0.2
Gr4_EF462978 3850 3875 0.2
Gr4_EF462978 3875 3900 0.2
Gr4_EF462978 3900 3925 0.24
Gr4_EF462978 3925 3950 0.44
Gr4_EF462978 3950 3975 0.36
Gr4_EF462978 3975 4000 0.4
Gr4_EF462978 4000 4025 0.4
Gr4_EF462978 4025 4050 0.32
Gr4_EF462978 4050 4075 0.2
Gr4_EF462978 4075 4100 0.16
Gr4_EF462978 4100 4125 0.12
Gr4_EF462978 4125 4150 0.2
Gr4_EF462978 4150 4175 0.2
Gr4_EF462978 4175 4200 0.16
Gr4_EF462978 4200 4225 0.24
Gr4_EF462978 4225 4250 0.36
Gr4_EF462978 4250 4275 0.24
Gr4_EF462978 4275 4300 0.28
Gr4_EF462978 4300 4325 0.24
Gr4_EF462978 4325 4350 0.4
Gr4_EF462978 4350 4375 0.24
Gr4_EF462978 4375 4400 0.32
Gr4_EF462978 4400 4425 0.16
Gr4_EF462978 4425 4450 0.32
Gr4_EF462978 4450 4475 0.08
Gr4_EF462978 4475 4500 0.44
Gr4_EF462978 4500 4525 0.12
Gr4_EF462978 4525 4550 0.2
Gr4_EF462978 4550 4575 0.36
Gr4_EF462978 4575 4600 0.24
Gr4_EF462978 4600 4625 0.12
Gr4_EF462978 4625 4650 0.16
Gr4_EF462978 4650 4675 0.04
Gr4_EF462978 4675 4700 0.4
Gr4_EF462978 4700 4725 0.64
Gr4_EF462978 4725 4750 0.6
Gr4_EF462978 4750 4775 0.64
Gr4_EF462978 4775 4800 0.4
Gr4_EF462978 4800 4825 0.52
Gr4_EF462978 4825 4850 0.68
Gr4_EF462978 4850 4875 0.48
Gr4_EF462978 4875 4900 0.44
Gr4_EF462978 4900 4925 0.16
Gr4_EF462978 4925 4950 0.32
Gr4_EF462978 4950 4975 0.12
Gr4_EF462978 4975 5000 0.08
Gr4_EF462978 5000 5025 0.16
Gr4_EF462978 5025 5050 0.36
Gr4_EF462978 5050 5075 0.12
Gr4_EF462978 5075 5100 0.36
Gr4_EF462978 5100 5125 0.16
Gr4_EF462978 5125 5150 0.12
Gr4_EF462978 5150 5175 0.36
Gr4_EF462978 5175 5200 0.2
Gr4_EF462978 5200 5225 0.52
Gr4_EF462978 5225 5250 0.32
Gr4_EF462978 5250 5275 0.72
Gr4_EF462978 5275 5300 0.48
Gr4_EF462978 5300 5325 0.28
Gr4_EF462978 5325 5350 0.36
Gr4_EF462978 5350 5375 0.16
Gr4_EF462978 5375 5400 0.4
Gr4_EF462978 5400 5425 0.36
Gr4_EF462978 5425 5450 0.4
Gr4_EF462978 5450 5475 0.52
Gr4_EF462978 5475 5500 0.32
Gr4_EF462978 5500 5525 0.44
Gr4_EF462978 5525 5550 0.52
Gr4_EF462978 5550 5575 0.48
Gr4_EF462978 5575 5600 0.36
Gr4_EF462978 5600 5625 0.24
Gr4_EF462978 5625 5650 0.52
Gr4_EF462978 5650 5675 0.4
Gr4_EF462978 5675 5700 0.4
Gr4_EF462978 5700 5725 0.28
Gr4_EF462978 5725 5750 0.4
Gr4_EF462978 5750 5775 0.28
Gr4_EF462978 5775 5800 0.2
Gr4_EF462978 5800 5825 0.44
Gr4_EF462978 5825 5850 0.32
Gr4_EF462978 5850 5875 0.48
Gr4_EF462978 5875 5900 0.52
Gr4_EF462978 5900 5925 0.68
Gr4_EF462978 5925 5950 0.32
Gr4_EF462978 5950 5975 0.44
Gr4_EF462978 5975 6000 0.36
Gr4_EF462978 6000 6010 0.3
Gr5_EF462979 0 25 0.36
Gr5_EF462979 25 50 0.08
Gr5_EF462979 50 75 0.28
Gr5_EF462979 75 100 0.2
Gr5_EF462979 100 125 0.24
Gr5_EF462979 125 150 0.28
Gr5_EF462979 150 175 0.12
Gr5_EF462979 175 200 0.2
Gr5_EF462979 200 225 0.32
Gr5_EF462979 225 250 0.36
Gr5_EF462979 250 275 0.36
Gr5_EF462979 275 300 0.64
Gr5_EF462979 300 325 0.32
Gr5_EF462979 325 350 0.32
Gr5_EF462979 350 375 0.24
Gr5_EF462979 375 400 0.4
Gr5_EF462979 400 425 0.32
Gr5_EF462979 425 450 0.32
Gr5_EF462979 450 475 0.4
Gr5_EF462979 475 500 0.44
Gr5_EF462979 500 525 0.16
Gr5_EF462979 525 550 0.24
Gr5_EF462979 550 575 0.4
Gr5_EF462979 575 600 0.08
Gr5_EF462979 600 625 0.28
Gr5_EF462979 625 650 0.2
Gr5_EF462979 650 675 0.28
Gr5_EF462979 675 700 0.24
Gr5_EF462979 700 725 0.16
Gr5_EF462979 725 750 0.2
Gr5_EF462979 750 775 0.24
Gr5_EF462979 775 800 0.36
Gr5_EF462979 800 825 0.44
Gr5_EF462979 825 850 0.2
Gr5_EF462979 850 875 0.4
Gr5_EF462979 875 900 0.08
Gr5_EF462979 900 925 0.28
Gr5_EF462979 925 950 0.32
Gr5_EF462979 950 975 0.32
Gr5_EF462979 975 1000 0.32
Gr5_EF462979 1000 1025 0.28
Gr5_EF462979 1025 1050 0.2
Gr5_EF462979 1050 1075 0.36
Gr5_EF462979 1075 1100 0.4
Gr5_EF462979 1100 1125 0.32
Gr5_EF462979 1125 1150 0.4
Gr5_EF462979 1150 1175 0.32
Gr5_EF462979 1175 1200 0.2
Gr5_EF462979 1200 1225 0.2
Gr5_EF462979 1225 1250 0.48
Gr5_EF462979 1250 1275 0.24
Gr5_EF462979 1275 1300 0.36
Gr5_EF462979 1300 1325 0.52
Gr5_EF462979 1325 1350 0.44
Gr5_EF462979 1350 1375 0.44
Gr5_EF462979 1375 1400 0.4
Gr5_EF462979 1400 1425 0.24
Gr5_EF462979 1425 1450 0.48
Gr5_EF462979 1450 1475 0.4
Gr5_EF462979 1475 1500 0.24
Gr5_EF462979 1500 1525 0.44
Gr5_EF462979 1525 1550 0.44
Gr5_EF462979 1550 1575 0.24
Gr5_EF462979 1575 1600 0.6
Gr5_EF462979 1600 1625 0.4
Gr5_EF462979 1625 1650 0.68
Gr5_EF462979 1650 1675 0.48
Gr5_EF462979 1675 1700 0.56
Gr5_EF462979 1700 1725 0.32
Gr5_EF462979 1725 1750 0.4
Gr5_EF462979 1750 1775 0.08
Gr5_EF462979 1775 1800 0.28
Gr5_EF462979 1800 1825 0.24
Gr5_EF462979 1825 1850 0.36
Gr5_EF462979 1850 1875 0.24
Gr5_EF462979 1875 1900 0.48
Gr5_EF462979 1900 1925 0.32
Gr5_EF462979 1925 1950 0.4
Gr5_EF462979 1950 1975 0.52
Gr5_EF462979 1975 2000 0.52
Gr5_EF462979 2000 2025 0.48
Gr5_EF462979 2025 2050 0.44
Gr5_EF462979 2050 2075 0.32
Gr5_EF462979 2075 2100 0.48
Gr5_EF462979 2100 2125 0.48
Gr5_EF462979 2125 2150 0.52
Gr5_EF462979 2150 2175 0.4
Gr5_EF462979 2175 2200 0.28
Gr5_EF462979 2200 2225 0.08
Gr5_EF462979 2225 2250 0.4
Gr5_EF462979 2250 2275 0.44
Gr5_EF462979 2275 2300 0.4
Gr5_EF462979 2300 2325 0.44
Gr5_EF462979 2325 2350 0.24
Gr5_EF462979 2350 2375 0.4
Gr5_EF462979 2375 2400 0.28
Gr5_EF462979 2400 2425 0.28
Gr5_EF462979 2425 2450 0.24
Gr5_EF462979 2450 2475 0.24
Gr5_EF462979 2475 2500 0.4
Gr5_EF462979 2500 2525 0.44
Gr5_EF462979 2525 2550 0.32
Gr5_EF462979 2550 2575 0.28
Gr5_EF462979 2575 2600 0.28
Gr5_EF462979 2600 2625 0.2
Gr5_EF462979 2625 2650 0.4
Gr5_EF462979 2650 2675 0.44
Gr5_EF462979 2675 2700 0.4
Gr5_EF462979 2700 2725 0.36
Gr5_EF462979 2725 2750 0.52
Gr5_EF462979 2750 2775 0.6
Gr5_EF462979 2775 2800 0.6
Gr5_EF462979 2800 2825 0.4
Gr5_EF462979 2825 2850 0.48
Gr5_EF462979 2850 2875 0.32
Gr5_EF462979 2875 2900 0.2
Gr5_EF462979 2900 2925 0.16
Gr5_EF462979 2925 2950 0.4
Gr5_EF462979 2950 2975 0.44
Gr5_EF462979 2975 3000 0.28
Gr5_EF462979 3000 3025 0.16
Gr5_EF462979 3025 3050 0.56
Gr5_EF462979 3050 3075 0.4
Gr5_EF462979 3075 3100 0.56
Gr5_EF462979 3100 3125 0.52
Gr5_EF462979 3125 3150 0.6
Gr5_EF462979 3150 3175 0.52
Gr5_EF462979 3175 3200 0.64
Gr5_EF462979 3200 3225 0.52
Gr5_EF462979 3225 3250 0.56
Gr5_EF462979 3250 3275 0.52
Gr5_EF462979 3275 3300 0.68
Gr5_EF462979 3300 3325 0.52
Gr5_EF462979 3325 3350 0.4
Gr5_EF462979 3350 3375 0.64
Gr5_EF462979 3375 3400 0.6
Gr5_EF462979 3400 3425 0.68
Gr5_EF462979 3425 3450 0.52
Gr5_EF462979 3450 3475 0.64
Gr5_EF462979 3475 3500 0.36
Gr5_EF462979 3500 3525 0.52
Gr5_EF462979 3525 3550 0.36
Gr5_EF462979 3550 3575 0.44
Gr5_EF462979 3575 3600 0.48
Gr5_EF462979 3600 3625 0.68
Gr5_EF462979 3625 3650 0.44
Gr5_EF462979 3650 3675 0.32
Gr5_EF462979 3675 3700 0.44
Gr5_EF462979 3700 3725 0.48
Gr5_EF462979 3725 3750 0.68
Gr5_EF462979 3750 3775 0.52
Gr5_EF462979 3775 3800 0.48
Gr5_EF462979 3800 3825 0.2
Gr5_EF462979 3825 3850 0.6
Gr5_EF462979 3850 3875 0.84
Gr5_EF462979 3875 3900 0.44
Gr5_EF462979 3900 3925 0.56
Gr5_EF462979 3925 3950 0.52
Gr5_EF462979 3950 3975 0.4
Gr5_EF462979 3975 4000 0.44
Gr5_EF462979 4000 4025 0.16
Gr5_EF462979 4025 4050 0.28
Gr5_EF462979 4050 4075 0.2
Gr5_EF462979 4075 4100 0.2
Gr5_EF462979 4100 4125 0.04
Gr5_EF462979 4125 4150 0.36
Gr5_EF462979 4150 4175 0.24
Gr5_EF462979 4175 4200 0.32
Gr5_EF462979 4200 4225 0.16
Gr5_EF462979 4225 4250 0.2
Gr5_EF462979 4250 4275 0.12
Gr5_EF462979 4275 4300 0.56
Gr5_EF462979 4300 4325 0.6
Gr5_EF462979 4325 4350 0.36
Gr5_EF462979 4350 4375 0.56
Gr5_EF462979 4375 4400 0.44
Gr5_EF462979 4400 4425 0.2
Gr5_EF462979 4425 4450 0.32
Gr5_EF462979 4450 4475 0.16
Gr5_EF462979 4475 4500 0.08
Gr5_EF462979 4500 4525 0.12
Gr5_EF462979 4525 4550 0.32
Gr5_EF462979 4550 4575 0.16
Gr5_EF462979 4575 4600 0.28
Gr5_EF462979 4600 4625 0.2
Gr5_EF462979 4625 4650 0.2
Gr5_EF462979 4650 4675 0.32
Gr5_EF462979 4675 4700 0.2
Gr5_EF462979 4700 4725 0.48
Gr5_EF462979 4725 4750 0.32
Gr5_EF462979 4750 4775 0.52
Gr5_EF462979 4775 4800 0.68
Gr5_EF462979 4800 4825 0.36
Gr5_EF462979 4825 4850 0.28
Gr5_EF462979 4850 4875 0.24
Gr5_EF462979 4875 4900 0.24
Gr5_EF462979 4900 4925 0.36
Gr5_EF462979 4925 4950 0.44
Gr5_EF462979 4950 4975 0.48
Gr5_EF462979 4975 5000 0.36
Gr5_EF462979 5000 5025 0.48
Gr5_EF462979 5025 5050 0.48
Gr5_EF462979 5050 5075 0.52
Gr5_EF462979 5075 5100 0.24
Gr5_EF462979 5100 5125 0.44
Gr5_EF462979 5125 5150 0.36
Gr5_EF462979 5150 5175 0.6
Gr5_EF462979 5175 5200 0.52
Gr5_EF462979 5200 5225 0.24
Gr5_EF462979 5225 5250 0.28
Gr5_EF462979 5250 5275 0.44
Gr5_EF462979 5275 5300 0.24
Gr5_EF462979 5300 5325 0.28
Gr5_EF462979 5325 5350 0.56
Gr5_EF462979 5350 5375 0.52
Gr5_EF462979 5375 5400 0.6
Gr5_EF462979 5400 5425 0.44
Gr5_EF462979 5425 5450 0.4
Gr5_EF462979 5450 5475 0.4
Gr5_EF462979 5475 5480 0.2
Gr6_EF462980 0 25 0.2
Gr6_EF462980 25 50 0.16
Gr6_EF462980 50 75 0.44
Gr6_EF462980 75 100 0.2
Gr6_EF462980 100 125 0.24
Gr6_EF462980 125 150 0.32
Gr6_EF462980 150 175 0.24
Gr6_EF462980 175 200 0.28
Gr6_EF462980 200 225 0.2
Gr6_EF462980 225 250 0.44
Gr6_EF462980 250 275 0.24
Gr6_EF462980 275 300 0.32
Gr6_EF462980 300 325 0.2
Gr6_EF462980 325 350 0.28
Gr6_EF462980 350 375 0.16
Gr6_EF462980 375 400 0.04
Gr6_EF462980 400 425 0.16
Gr6_EF462980 425 450 0.36
Gr6_EF462980 450 475 0.08
Gr6_EF462980 475 500 0.24
Gr6_EF462980 500 525 0.04
Gr6_EF462980 525 550 0.24
Gr6_EF462980 550 575 0.16
Gr6_EF462980 575 600 0.32
Gr6_EF462980 600 625 0.28
Gr6_EF462980 625 650 0.28
Gr6_EF462980 650 675 0.36
Gr6_EF462980 675 700 0.24
Gr6_EF462980 700 725 0.48
Gr6_EF462980 725 750 0.32
Gr6_EF462980 750 775 0.12
Gr6_EF462980 775 800 0.36
Gr6_EF462980 800 825 0.36
Gr6_EF462980 825 850 0.6
Gr6_EF462980 850 875 0.6
Gr6_EF462980 875 900 0.68
Gr6_EF462980 900 925 0.36
Gr6_EF462980 925 950 0.48
Gr6_EF462980 950 975 0.44
Gr6_EF462980 975 1000 0.32
Gr6_EF462980 1000 1025 0.36
Gr6_EF462980 1025 1050 0.24
Gr6_EF462980 1050 1075 0.28
Gr6_EF462980 1075 1100 0.44
Gr6_EF462980 1100 1125 0.24
Gr6_EF462980 1125 1150 0.24
Gr6_EF462980 1150 1175 0.36
Gr6_EF462980 1175 1200 0.44
Gr6_EF462980 1200 1225 0.56
Gr6_EF462980 1225 1250 0.16
Gr6_EF462980 1250 1275 0.28
Gr6_EF462980 1275 1300 0.24
Gr6_EF462980 1300 1325 0.32
Gr6_EF462980 1325 1350 0.48
Gr6_EF462980 1350 1375 0.52
Gr6_EF462980 1375 1400 0.2
Gr6_EF462980 1400 1425 0.16
Gr6_EF462980 1425 1450 0.16
Gr6_EF462980 1450 1475 0.24
Gr6_EF462980 1475 1500 0.4
Gr6_EF462980 1500 1525 0.44
Gr6_EF462980 1525 1550 0.2
Gr6_EF462980 1550 1575 0.28
Gr6_EF462980 1575 1600 0.24
Gr6_EF462980 1600 1625 0.2
Gr6_EF462980 1625 1650 0.16
Gr6_EF462980 1650 1675 0.2
Gr6_EF462980 1675 1700 0.2
Gr6_EF462980 1700 1725 0.08
Gr6_EF462980 1725 1750 0.12
Gr6_EF462980 1750 1775 0.28
Gr6_EF462980 1775 1800 0.12
Gr6_EF462980 1800 1825 0.24
Gr6_EF462980 1825 1850 0.16
Gr6_EF462980 1850 1875 0.24
Gr6_EF462980 1875 1900 0.12
Gr6_EF462980 1900 1925 0.32
Gr6_EF462980 1925 1950 0.12
Gr6_EF462980 1950 1975 0.16
Gr6_EF462980 1975 2000 0.28
Gr6_EF462980 2000 2025 0.2
Gr6_EF462980 2025 2050 0.08
Gr6_EF462980 2050 2075 0.2
Gr6_EF462980 2075 2100 0.32
Gr6_EF462980 2100 2125 0.36
Gr6_EF462980 2125 2150 0.16
Gr6_EF462980 2150 2175 0.24
Gr6_EF462980 2175 2200 0.24
Gr6_EF462980 2200 2225 0.04
Gr6_EF462980 2225 2250 0.28
Gr6_EF462980 2250 2275 0.2
Gr6_EF462980 2275 2300 0.24
Gr6_EF462980 2300 2325 0.12
Gr6_EF462980 2325 2350 0.12
Gr6_EF462980 2350 2375 0.24
Gr6_EF462980 2375 2400 0.12
Gr6_EF462980 2400 2425 0.48
Gr6_EF462980 2425 2450 0.2
Gr6_EF462980 2450 2475 0.28
Gr6_EF462980 2475 2500 0.04
Gr6_EF462980 2500 2525 0.28
Gr6_EF462980 2525 2550 0.4
Gr6_EF462980 2550 2575 0.44
Gr6_EF462980 2575 2600 0.2
Gr6_EF462980 2600 2625 0.16
Gr6_EF462980 2625 2650 0.24
Gr6_EF462980 2650 2675 0.2
Gr6_EF462980 2675 2700 0.24
Gr6_EF462980 2700 2725 0.0
Gr6_EF462980 2725 2750 0.4
Gr6_EF462980 2750 2775 0.28
Gr6_EF462980 2775 2800 0.4
Gr6_EF462980 2800 2825 0.2
Gr6_EF462980 2825 2850 0.32
Gr6_EF462980 2850 2875 0.28
Gr6_EF462980 2875 2900 0.36
Gr6_EF462980 2900 2925 0.28
Gr6_EF462980 2925 2950 0.32
Gr6_EF462980 2950 2975 0.16
Gr6_EF462980 2975 3000 0.36
Gr6_EF462980 3000 3025 0.52
Gr6_EF462980 3025 3050 0.36
Gr6_EF462980 3050 3075 0.44
Gr6_EF462980 3075 3100 0.32
Gr6_EF462980 3100 3125 0.24
Gr6_EF462980 3125 3150 0.6
Gr6_EF462980 3150 3175 0.4
Gr6_EF462980 3175 3200 0.56
Gr6_EF462980 3200 3225 0.2
Gr6_EF462980 3225 3250 0.4
Gr6_EF462980 3250 3275 0.44
Gr6_EF462980 3275 3300 0.24
Gr6_EF462980 3300 3325 0.24
Gr6_EF462980 3325 3350 0.2
Gr6_EF462980 3350 3375 0.36
Gr6_EF462980 3375 3400 0.36
Gr6_EF462980 3400 3425 0.52
Gr6_EF462980 3425 3450 0.52
Gr6_EF462980 3450 3475 0.52
Gr6_EF462980 3475 3500 0.48
Gr6_EF462980 3500 3525 0.52
Gr6_EF462980 3525 3550 0.44
Gr6_EF462980 3550 3575 0.52
Gr6_EF462980 3575 3600 0.44
Gr6_EF462980 3600 3625 0.4
Gr6_EF462980 3625 3650 0.2
Gr6_EF462980 3650 3675 0.52
Gr6_EF462980 3675 3700 0.32
Gr6_EF462980 3700 3725 0.52
Gr6_EF462980 3725 3750 0.44
Gr6_EF462980 3750 3775 0.32
Gr6_EF462980 3775 3800 0.32
Gr6_EF462980 3800 3825 0.44
Gr6_EF462980 3825 3850 0.4
Gr6_EF462980 3850 3875 0.32
Gr6_EF462980 3875 3900 0.4
Gr6_EF462980 3900 3925 0.16
Gr6_EF462980 3925 3950 0.4
Gr6_EF462980 3950 3975 0.32
Gr6_EF462980 3975 4000 0.24
Gr6_EF462980 4000 4025 0.32
Gr6_EF462980 4025 4050 0.48
Gr6_EF462980 4050 4075 0.36
Gr6_EF462980 4075 4100 0.24
Gr6_EF462980 4100 4125 0.16
Gr6_EF462980 4125 4150 0.44
Gr6_EF462980 4150 4175 0.44
Gr6_EF462980 4175 4200 0.32
Gr6_EF462980 4200 4225 0.4
Gr6_EF462980 4225 4250 0.28
Gr6_EF462980 4250 4275 0.32
Gr6_EF462980 4275 4300 0.32
Gr6_EF462980 4300 4325 0.52
Gr6_EF462980 4325 4350 0.16
Gr6_EF462980 4350 4375 0.32
Gr6_EF462980 4375 4400 0.48
Gr6_EF462980 4400 4425 0.36
Gr6_EF462980 4425 4450 0.24
Gr6_EF462980 4450 4475 0.52
Gr6_EF462980 4475 4500 0.28
Gr6_EF462980 4500 4525 0.24
Gr6_EF462980 4525 4550 0.24
Gr6_EF462980 4550 4575 0.4
Gr6_EF462980 4575 4600 0.28
Gr6_EF462980 4600 4625 0.24
Gr6_EF462980 4625 4650 0.12
Gr6_EF462980 4650 4675 0.2
Gr6_EF462980 4675 4700 0.36
Gr6_EF462980 4700 4725 0.28
Gr6_EF462980 4725 4750 0.64
Gr6_EF462980 4750 4775 0.48
Gr6_EF462980 4775 4800 0.4
Gr6_EF462980 4800 4825 0.64
Gr6_EF462980 4825 4850 0.48
Gr6_EF462980 4850 4875 0.48
Gr6_EF462980 4875 4900 0.24
Gr6_EF462980 4900 4925 0.44
Gr6_EF462980 4925 4950 0.2
Gr6_EF462980 4950 4975 0.12
Gr6_EF462980 4975 5000 0.24
Gr6_EF462980 5000 5025 0.2
Gr6_EF462980 5025 5050 0.36
Gr6_EF462980 5050 5075 0.24
Gr6_EF462980 5075 5100 0.48
Gr6_EF462980 5100 5125 0.28
Gr6_EF462980 5125 5150 0.28
Gr6_EF462980 5150 5175 0.2
Gr6_EF462980 5175 5200 0.32
Gr6_EF462980 5200 5225 0.32
Gr6_EF462980 5225 5250 0.56
Gr6_EF462980 5250 5275 0.44
Gr6_EF462980 5275 5300 0.48
Gr6_EF462980 5300 5325 0.4
Gr6_EF462980 5325 5350 0.4
Gr6_EF462980 5350 5375 0.56
Gr6_EF462980 5375 5400 0.36
Gr6_EF462980 5400 5425 0.4
Gr6_EF462980 5425 5450 0.2
Gr6_EF462980 5450 5475 0.4
Gr6_EF462980 5475 5500 0.44
Gr6_EF462980 5500 5525 0.32
Gr6_EF462980 5525 5550 0.2
Gr6_EF462980 5550 5575 0.44
Gr6_EF462980 5575 5600 0.16
Gr6_EF462980 5600 5625 0.36
Gr6_EF462980 5625 5650 0.6
Gr6_EF462980 5650 5675 0.56
Gr6_EF462980 5675 5700 0.68
Gr6_EF462980 5700 5725 0.44
Gr6_EF462980 5725 5750 0.48
Gr6_EF462980 5750 5775 0.36
Gr6_EF462980 5775 5797 0.318
Gr7_EF462981 0 25 0.2
Gr7_EF462981 25 50 0.12
Gr7_EF462981 50 75 0.28
Gr7_EF462981 75 100 0.2
Gr7_EF462981 100 125 0.24
Gr7_EF462981 125 150 0.24
Gr7_EF462981 150 175 0.36
Gr7_EF462981 175 200 0.24
Gr7_EF462981 200 225 0.24
Gr7_EF462981 225 250 0.12
Gr7_EF462981 250 275 0.2
Gr7_EF462981 275 300 0.24
Gr7_EF462981 300 325 0.16
Gr7_EF462981 325 350 0.12
Gr7_EF462981 350 375 0.4
Gr7_EF462981 375 400 0.0
Gr7_EF462981 400 425 0.12
Gr7_EF462981 425 450 0.2
Gr7_EF462981 450 475 0.16
Gr7_EF462981 475 500 0.0
Gr7_EF462981 500 525 0.2
Gr7_EF462981 525 550 0.24
Gr7_EF462981 550 575 0.48
Gr7_EF462981 575 600 0.36
Gr7_EF462981 600 625 0.12
Gr7_EF462981 625 650 0.48
Gr7_EF462981 650 675 0.48
Gr7_EF462981 675 700 0.28
Gr7_EF462981 700 725 0.16
Gr7_EF462981 725 750 0.12
Gr7_EF462981 750 775 0.12
Gr7_EF462981 775 800 0.2
Gr7_EF462981 800 825 0.2
Gr7_EF462981 825 850 0.24
Gr7_EF462981 850 875 0.28
Gr7_EF462981 875 900 0.44
Gr7_EF462981 900 925 0.36
Gr7_EF462981 925 950 0.32
Gr7_EF462981 950 975 0.48
Gr7_EF462981 975 1000 0.52
Gr7_EF462981 1000 1025 0.32
Gr7_EF462981 1025 1050 0.16
Gr7_EF462981 1050 1075 0.16
Gr7_EF462981 1075 1100 0.12
Gr7_EF462981 1100 1125 0.28
Gr7_EF462981 1125 1150 0.32
Gr7_EF462981 1150 1175 0.32
Gr7_EF462981 1175 1200 0.4
Gr7_EF462981 1200 1225 0.28
Gr7_EF462981 1225 1250 0.24
Gr7_EF462981 1250 1275 0.28
Gr7_EF462981 1275 1300 0.16
Gr7_EF462981 1300 1325 0.36
Gr7_EF462981 1325 1350 0.28
Gr7_EF462981 1350 1375 0.4
Gr7_EF462981 1375 1400 0.2
Gr7_EF462981 1400 1425 0.64
Gr7_EF462981 1425 1450 0.44
Gr7_EF462981 1450 1475 0.2
Gr7_EF462981 1475 1500 0.08
Gr7_EF462981 1500 1525 0.28
Gr7_EF462981 1525 1550 0.28
Gr7_EF462981 1550 1575 0.44
Gr7_EF462981 1575 1600 0.36
Gr7_EF462981 1600 1625 0.24
Gr7_EF462981 1625 1650 0.32
Gr7_EF462981 1650 1675 0.2
Gr7_EF462981 1675 1700 0.2
Gr7_EF462981 1700 1725 0.24
Gr7_EF462981 1725 1750 0.36
Gr7_EF462981 1750 1775 0.36
Gr7_EF462981 1775 1800 0.44
Gr7_EF462981 1800 1825 0.36
Gr7_EF462981 1825 1850 0.28
Gr7_EF462981 1850 1875 0.36
Gr7_EF462981 1875 1900 0.24
Gr7_EF462981 1900 1925 0.12
Gr7_EF462981 1925 1950 0.36
Gr7_EF462981 1950 1975 0.08
Gr7_EF462981 1975 2000 0.28
Gr7_EF462981 2000 2025 0.4
Gr7_EF462981 2025 2050 0.6
Gr7_EF462981 2050 2075 0.44
Gr7_EF462981 2075 2100 0.44
Gr7_EF462981 2100 2125 0.48
Gr7_EF462981 2125 2150 0.48
Gr7_EF462981 2150 2175 0.52
Gr7_EF462981 2175 2200 0.64
Gr7_EF462981 2200 2225 0.68
Gr7_EF462981 2225 2250 0.36
Gr7_EF462981 2250 2275 0.4
Gr7_EF462981 2275 2300 0.56
Gr7_EF462981 2300 2325 0.44
Gr7_EF462981 2325 2350 0.4
Gr7_EF462981 2350 2375 0.12
Gr7_EF462981 2375 2400 0.28
Gr7_EF462981 2400 2425 0.2
Gr7_EF462981 2425 2450 0.16
Gr7_EF462981 2450 2475 0.56
Gr7_EF462981 2475 2500 0.2
Gr7_EF462981 2500 2525 0.28
Gr7_EF462981 2525 2550 0.4
Gr7_EF462981 2550 2575 0.52
Gr7_EF462981 2575 2600 0.28
Gr7_EF462981 2600 2625 0.4
Gr7_EF462981 2625 2650 0.04
Gr7_EF462981 2650 2675 0.2
Gr7_EF462981 2675 2700 0.16
Gr7_EF462981 2700 2725 0.44
Gr7_EF462981 2725 2750 0.28
Gr7_EF462981 2750 2775 0.08
Gr7_EF462981 2775 2800 0.2
Gr7_EF462981 2800 2825 0.4
Gr7_EF462981 2825 2850 0.32
Gr7_EF462981 2850 2875 0.48
Gr7_EF462981 2875 2900 0.4
Gr7_EF462981 2900 2925 0.2
Gr7_EF462981 2925 2950 0.24
Gr7_EF462981 2950 2975 0.32
Gr7_EF462981 2975 3000 0.24
Gr7_EF462981 3000 3025 0.24
Gr7_EF462981 3025 3050 0.44
Gr7_EF462981 3050 3075 0.36
Gr7_EF462981 3075 3100 0.48
Gr7_EF462981 3100 3125 0.08
Gr7_EF462981 3125 3150 0.44
Gr7_EF462981 3150 3175 0.24
Gr7_EF462981 3175 3200 0.24
Gr7_EF462981 3200 3225 0.2
Gr7_EF462981 3225 3250 0.4
Gr7_EF462981 3250 3275 0.52
Gr7_EF462981 3275 3300 0.2
Gr7_EF462981 3300 3325 0.12
Gr7_EF462981 3325 3350 0.4
Gr7_EF462981 3350 3375 0.32
Gr7_EF462981 3375 3400 0.12
Gr7_EF462981 3400 3425 0.48
Gr7_EF462981 3425 3450 0.28
Gr7_EF462981 3450 3475 0.56
Gr7_EF462981 3475 3500 0.72
Gr7_EF462981 3500 3525 0.68
Gr7_EF462981 3525 3550 0.56
Gr7_EF462981 3550 3575 0.64
Gr7_EF462981 3575 3600 0.48
Gr7_EF462981 3600 3625 0.6
Gr7_EF462981 3625 3650 0.36
Gr7_EF462981 3650 3675 0.68
Gr7_EF462981 3675 3700 0.64
Gr7_EF462981 3700 3725 0.48
Gr7_EF462981 3725 3750 0.44
Gr7_EF462981 3750 3775 0.6
Gr7_EF462981 3775 3800 0.56
Gr7_EF462981 3800 3825 0.56
Gr7_EF462981 3825 3850 0.4
Gr7_EF462981 3850 3875 0.72
Gr7_EF462981 3875 3900 0.16
Gr7_EF462981 3900 3925 0.32
Gr7_EF462981 3925 3950 0.28
Gr7_EF462981 3950 3975 0.48
Gr7_EF462981 3975 4000 0.36
Gr7_EF462981 4000 4025 0.4
Gr7_EF462981 4025 4050 0.32
Gr7_EF462981 4050 4075 0.32
Gr7_EF462981 4075 4100 0.12
Gr7_EF462981 4100 4125 0.32
Gr7_EF462981 4125 4150 0.08
Gr7_EF462981 4150 4175 0.36
Gr7_EF462981 4175 4200 0.16
Gr7_EF462981 4200 4225 0.2
Gr7_EF462981 4225 4250 0.2
Gr7_EF462981 4250 4275 0.16
Gr7_EF462981 4275 4300 0.28
Gr7_EF462981 4300 4325 0.4
Gr7_EF462981 4325 4350 0.48
Gr7_EF462981 4350 4375 0.28
Gr7_EF462981 4375 4400 0.28
Gr7_EF462981 4400 4425 0.2
Gr7_EF462981 4425 4450 0.36
Gr7_EF462981 4450 4475 0.4
Gr7_EF462981 4475 4500 0.44
Gr7_EF462981 4500 4525 0.48
Gr7_EF462981 4525 4550 0.36
Gr7_EF462981 4550 4575 0.48
Gr7_EF462981 4575 4600 0.48
Gr7_EF462981 4600 4625 0.52
Gr7_EF462981 4625 4650 0.36
Gr7_EF462981 4650 4675 0.28
Gr7_EF462981 4675 4700 0.36
Gr7_EF462981 4700 4725 0.24
Gr7_EF462981 4725 4750 0.44
Gr7_EF462981 4750 4775 0.24
Gr7_EF462981 4775 4800 0.2
Gr7_EF462981 4800 4825 0.4
Gr7_EF462981 4825 4850 0.2
Gr7_EF462981 4850 4875 0.48
Gr7_EF462981 4875 4900 0.52
Gr7_EF462981 4900 4925 0.52
Gr7_EF462981 4925 4950 0.6
Gr7_EF462981 4950 4975 0.44
Gr7_EF462981 4975 5000 0.36
Gr7_EF462981 5000 5025 0.4
Gr7_EF462981 5025 5050 0.44
Gr7_EF462981 5050 5075 0.48
Gr7_EF462981 5075 5100 0.36
Gr7_EF462981 5100 5125 0.4
Gr7_EF462981 5125 5150 0.44
Gr7_EF462981 5150 5175 0.2
Gr7_EF462981 5175 5200 0.24
Gr7_EF462981 5200 5225 0.12
Gr7_EF462981 5225 5250 0.36
Gr7_EF462981 5250 5275 0.44
Gr7_EF462981 5275 5300 0.08
Gr7_EF462981 5300 5308 0.125
