Gp1_AJ249395 0 250 251.82
Gp1_AJ249395 250 500 7.97
Gp1_AJ249395 500 750 737.16
Gp1_AJ249395 750 1000 1.31
Gp1_AJ249395 1000 1250 0.2
Gp1_AJ249395 1250 1500 0.0
Gp1_AJ249395 1500 1750 0.0
Gp1_AJ249395 1750 2000 0.43
Gp1_AJ249395 2000 2250 0.0
Gp1_AJ249395 2250 2500 0.0
Gp1_AJ249395 2500 2750 0.0
Gp1_AJ249395 2750 3000 0.0
Gp1_AJ249395 3000 3250 20.46
Gp1_AJ249395 3250 3500 0.7
Gp1_AJ249395 3500 3750 0.8
Gp1_AJ249395 3750 4000 6.83
Gp1_AJ249395 4000 4250 0.13
Gp1_AJ249395 4250 4500 0.37
Gp1_AJ249395 4500 4750 0.02
Gp1_AJ249395 4750 5000 0.0
Gp1_AJ249395 5000 5250 0.0
Gp1_AJ249395 5250 5500 0.0
Gp1_AJ249395 5500 5750 0.0
Gp1_AJ249395 5750 6000 0.0
Gp1_AJ249395 6000 6250 0.0
Gp1_AJ249395 6250 6500 0.0
Gp1_AJ249395 6500 6750 0.0
Gp1_AJ249395 6750 7000 0.16
Gp1_AJ249395 7000 7250 0.0
Gp1_AJ249395 7250 7500 0.0
Gp1_AJ249395 7500 7750 0.0
Gp1_AJ249395 7750 8000 0.0
Gp1_AJ249395 8000 8250 0.0
Gp1_AJ249395 8250 8500 0.3
Gp1_AJ249395 8500 8750 0.58
Gp1_AJ249395 8750 9000 0.22
Gp1_AJ249395 9000 9250 0.4
Gp1_AJ249395 9250 9428 0.0
Gp2_DQ631911 0 250 0.0
Gp2_DQ631911 250 500 471.61
Gp2_DQ631911 500 750 1017.96
Gp2_DQ631911 750 1000 1.52
Gp2_DQ631911 1000 1250 0.26
Gp2_DQ631911 1250 1500 0.4
Gp2_DQ631911 1500 1750 0.0
Gp2_DQ631911 1750 2000 0.26
Gp2_DQ631911 2000 2250 0.0
Gp2_DQ631911 2250 2500 0.0
Gp2_DQ631911 2500 2750 0.0
Gp2_DQ631911 2750 3000 0.0
Gp2_DQ631911 3000 3250 1.18
Gp2_DQ631911 3250 3500 0.12
Gp2_DQ631911 3500 3750 713.6
Gp2_DQ631911 3750 4000 0.0
Gp2_DQ631911 4000 4250 0.0
Gp2_DQ631911 4250 4500 111.72
Gp2_DQ631911 4500 4750 209.8
Gp2_DQ631911 4750 5000 8.06
Gp2_DQ631911 5000 5250 0.0
Gp2_DQ631911 5250 5500 0.0
Gp2_DQ631911 5500 5750 0.0
Gp2_DQ631911 5750 6000 0.75
Gp2_DQ631911 6000 6250 0.0
Gp2_DQ631911 6250 6500 0.4
Gp2_DQ631911 6500 6750 0.0
Gp2_DQ631911 6750 7000 0.0
Gp2_DQ631911 7000 7250 0.28
Gp2_DQ631911 7250 7500 0.12
Gp2_DQ631911 7500 7511 0.0
Gp3_DQ631912 0 250 0.0
Gp3_DQ631912 250 500 0.0
Gp3_DQ631912 500 750 0.0
Gp3_DQ631912 750 1000 0.0
Gp3_DQ631912 1000 1250 0.12
Gp3_DQ631912 1250 1500 0.0
Gp3_DQ631912 1500 1750 0.0
Gp3_DQ631912 1750 2000 0.0
Gp3_DQ631912 2000 2250 0.0
Gp3_DQ631912 2250 2500 0.0
Gp3_DQ631912 2500 2750 0.0
Gp3_DQ631912 2750 3000 0.0
Gp3_DQ631912 3000 3250 0.32
Gp3_DQ631912 3250 3500 0.0
Gp3_DQ631912 3500 3750 0.0
Gp3_DQ631912 3750 4000 0.0
Gp3_DQ631912 4000 4250 0.0
Gp3_DQ631912 4250 4500 0.0
Gp3_DQ631912 4500 4750 0.0
Gp3_DQ631912 4750 5000 0.0
Gp3_DQ631912 5000 5250 0.0
Gp3_DQ631912 5250 5500 0.34
Gp3_DQ631912 5500 5750 0.06
Gp3_DQ631912 5750 6000 0.0
Gp3_DQ631912 6000 6250 0.0
Gp3_DQ631912 6250 6400 0.0
Gp4_DQ631913 0 250 2380.54
Gp4_DQ631913 250 500 10849.26
Gp4_DQ631913 500 750 18667.8
Gp4_DQ631913 750 1000 19411.76
Gp4_DQ631913 1000 1250 8379.92
Gp4_DQ631913 1250 1500 2417.63
Gp4_DQ631913 1500 1750 7193.99
Gp4_DQ631913 1750 2000 8.73
Gp4_DQ631913 2000 2250 11178.51
Gp4_DQ631913 2250 2500 6433.76
Gp4_DQ631913 2500 2750 5941.21
Gp4_DQ631913 2750 3000 13372.68
Gp4_DQ631913 3000 3250 8979.08
Gp4_DQ631913 3250 3500 310.83
Gp4_DQ631913 3500 3750 0.71
Gp4_DQ631913 3750 4000 0.0
Gp4_DQ631913 4000 4250 0.4
Gp4_DQ631913 4250 4500 0.0
Gp4_DQ631913 4500 4750 0.0
Gp4_DQ631913 4750 5000 0.0
Gp4_DQ631913 5000 5250 0.0
Gp4_DQ631913 5250 5500 0.0
Gp4_DQ631913 5500 5750 0.11
Gp4_DQ631913 5750 6000 0.69
Gp4_DQ631913 6000 6250 0.0
Gp4_DQ631913 6250 6500 0.4
Gp4_DQ631913 6500 6750 0.0
Gp4_DQ631913 6750 7000 0.0
Gp4_DQ631913 7000 7250 0.0
Gp4_DQ631913 7250 7500 0.0
Gp4_DQ631913 7500 7560 0.0
Gp5_DQ631914 0 250 0.0
Gp5_DQ631914 250 500 0.0
Gp5_DQ631914 500 750 0.0
Gp5_DQ631914 750 1000 771.88
Gp5_DQ631914 1000 1250 890.62
Gp5_DQ631914 1250 1500 0.0
Gp5_DQ631914 1500 1750 0.0
Gp5_DQ631914 1750 2000 0.0
Gp5_DQ631914 2000 2250 0.0
Gp5_DQ631914 2250 2500 0.0
Gp5_DQ631914 2500 2750 0.0
Gp5_DQ631914 2750 3000 0.0
Gp5_DQ631914 3000 3250 2703.17
Gp5_DQ631914 3250 3500 0.0
Gp5_DQ631914 3500 3750 0.0
Gp5_DQ631914 3750 4000 0.0
Gp5_DQ631914 4000 4250 0.0
Gp5_DQ631914 4250 4500 0.0
Gp5_DQ631914 4500 4750 0.0
Gp5_DQ631914 4750 5000 0.38
Gp5_DQ631914 5000 5250 0.38
Gp5_DQ631914 5250 5500 0.0
Gp5_DQ631914 5500 5750 0.0
Gp5_DQ631914 5750 6000 0.0
Gp5_DQ631914 6000 6250 0.0
Gp5_DQ631914 6250 6500 0.0
Gp5_DQ631914 6500 6750 0.0
Gp5_DQ631914 6750 7000 0.0
Gp5_DQ631914 7000 7250 0.0
Gp5_DQ631914 7250 7472 0.27
Gr1_EF193005 0 250 22295.73
Gr1_EF193005 250 500 15322.5
Gr1_EF193005 500 750 17378.53
Gr1_EF193005 750 1000 13519.58
Gr1_EF193005 1000 1250 13801.74
Gr1_EF193005 1250 1500 12810.82
Gr1_EF193005 1500 1750 11903.84
Gr1_EF193005 1750 2000 11655.67
Gr1_EF193005 2000 2250 14899.34
Gr1_EF193005 2250 2500 15127.92
Gr1_EF193005 2500 2750 13073.76
Gr1_EF193005 2750 3000 13642.44
Gr1_EF193005 3000 3250 14214.76
Gr1_EF193005 3250 3500 14421.08
Gr1_EF193005 3500 3750 15411.11
Gr1_EF193005 3750 4000 16064.62
Gr1_EF193005 4000 4250 16781.8
Gr1_EF193005 4250 4500 15764.71
Gr1_EF193005 4500 4750 13558.79
Gr1_EF193005 4750 5000 10913.71
Gr1_EF193005 5000 5250 8099.9
Gr1_EF193005 5250 5500 7281.75
Gr1_EF193005 5500 5750 38330.37
Gr1_EF193005 5750 6000 44536.8
Gr1_EF193005 6000 6250 49274.39
Gr1_EF193005 6250 6500 44181.61
Gr1_EF193005 6500 6750 43214.05
Gr1_EF193005 6750 7000 42734.4
Gr1_EF193005 7000 7250 46300.48
Gr1_EF193005 7250 7500 43487.78
Gr1_EF193005 7500 7750 39985.6
Gr1_EF193005 7750 8000 32978.28
Gr1_EF193005 8000 8250 36857.88
Gr1_EF193005 8250 8500 45042.86
Gr1_EF193005 8500 8750 54972.12
Gr1_EF193005 8750 9000 63770.86
Gr1_EF193005 9000 9210 64508.02
Gr2_EF462976 0 250 0.21
Gr2_EF462976 250 500 0.53
Gr2_EF462976 500 750 0.7
Gr2_EF462976 750 1000 0.3
Gr2_EF462976 1000 1250 5.38
Gr2_EF462976 1250 1500 0.0
Gr2_EF462976 1500 1750 0.0
Gr2_EF462976 1750 2000 0.0
Gr2_EF462976 2000 2250 0.0
Gr2_EF462976 2250 2500 0.0
Gr2_EF462976 2500 2750 0.0
Gr2_EF462976 2750 3000 0.0
Gr2_EF462976 3000 3250 0.0
Gr2_EF462976 3250 3500 0.0
Gr2_EF462976 3500 3750 0.0
Gr2_EF462976 3750 4000 0.0
Gr2_EF462976 4000 4250 0.0
Gr2_EF462976 4250 4500 0.69
Gr2_EF462976 4500 4750 0.91
Gr2_EF462976 4750 5000 0.0
Gr2_EF462976 5000 5250 0.3
Gr2_EF462976 5250 5500 0.14
Gr2_EF462976 5500 5750 0.66
Gr2_EF462976 5750 6000 0.0
Gr2_EF462976 6000 6250 0.0
Gr2_EF462976 6250 6500 0.0
Gr2_EF462976 6500 6604 0.0
Gr3_EF462977 0 250 0.0
Gr3_EF462977 250 500 0.0
Gr3_EF462977 500 750 1477.13
Gr3_EF462977 750 1000 15.02
Gr3_EF462977 1000 1250 0.0
Gr3_EF462977 1250 1500 1.78
Gr3_EF462977 1500 1750 0.0
Gr3_EF462977 1750 2000 328.2
Gr3_EF462977 2000 2250 8.12
Gr3_EF462977 2250 2500 0.0
Gr3_EF462977 2500 2750 0.0
Gr3_EF462977 2750 3000 0.14
Gr3_EF462977 3000 3192 0.0
Gr4_EF462978 0 250 0.0
Gr4_EF462978 250 500 0.0
Gr4_EF462978 500 750 0.4
Gr4_EF462978 750 1000 0.0
Gr4_EF462978 1000 1250 762.47
Gr4_EF462978 1250 1500 1620.79
Gr4_EF462978 1500 1750 10792.91
Gr4_EF462978 1750 2000 20104.34
Gr4_EF462978 2000 2250 20298.38
Gr4_EF462978 2250 2500 20596.18
Gr4_EF462978 2500 2750 18689.18
Gr4_EF462978 2750 3000 6952.32
Gr4_EF462978 3000 3250 10.93
Gr4_EF462978 3250 3500 11706.02
Gr4_EF462978 3500 3750 6457.47
Gr4_EF462978 3750 4000 5947.9
Gr4_EF462978 4000 4250 13231.17
Gr4_EF462978 4250 4500 8327.05
Gr4_EF462978 4500 4750 7334.62
Gr4_EF462978 4750 5000 0.57
Gr4_EF462978 5000 5250 0.0
Gr4_EF462978 5250 5500 0.0
Gr4_EF462978 5500 5750 0.0
Gr4_EF462978 5750 6000 0.0
Gr4_EF462978 6000 6010 0.0
Gr5_EF462979 0 250 0.0
Gr5_EF462979 250 500 0.0
Gr5_EF462979 500 750 0.0
Gr5_EF462979 750 1000 0.18
Gr5_EF462979 1000 1250 0.18
Gr5_EF462979 1250 1500 1.75
Gr5_EF462979 1500 1750 0.0
Gr5_EF462979 1750 2000 0.0
Gr5_EF462979 2000 2250 756.69
Gr5_EF462979 2250 2500 906.18
Gr5_EF462979 2500 2750 0.3
Gr5_EF462979 2750 3000 0.0
Gr5_EF462979 3000 3250 0.57
Gr5_EF462979 3250 3500 0.12
Gr5_EF462979 3500 3750 0.11
Gr5_EF462979 3750 4000 0.29
Gr5_EF462979 4000 4250 0.0
Gr5_EF462979 4250 4500 2758.7
Gr5_EF462979 4500 4750 0.37
Gr5_EF462979 4750 5000 0.0
Gr5_EF462979 5000 5250 0.0
Gr5_EF462979 5250 5480 0.0
Gr6_EF462980 0 250 0.26
Gr6_EF462980 250 500 0.7
Gr6_EF462980 500 750 0.24
Gr6_EF462980 750 1000 0.27
Gr6_EF462980 1000 1250 924.65
Gr6_EF462980 1250 1500 0.0
Gr6_EF462980 1500 1750 8.08
Gr6_EF462980 1750 2000 0.19
Gr6_EF462980 2000 2250 0.0
Gr6_EF462980 2250 2500 11.33
Gr6_EF462980 2500 2750 16.72
Gr6_EF462980 2750 3000 8.32
Gr6_EF462980 3000 3250 0.79
Gr6_EF462980 3250 3500 0.0
Gr6_EF462980 3500 3750 0.0
Gr6_EF462980 3750 4000 0.27
Gr6_EF462980 4000 4250 0.64
Gr6_EF462980 4250 4500 5.41
Gr6_EF462980 4500 4750 0.0
Gr6_EF462980 4750 5000 0.4
Gr6_EF462980 5000 5250 0.0
Gr6_EF462980 5250 5500 0.34
Gr6_EF462980 5500 5750 0.0
Gr6_EF462980 5750 5797 0.0
Gr7_EF462981 0 250 0.4
Gr7_EF462981 250 500 0.21
Gr7_EF462981 500 750 12.2
Gr7_EF462981 750 1000 0.0
Gr7_EF462981 1000 1250 0.0
Gr7_EF462981 1250 1500 0.0
Gr7_EF462981 1500 1750 0.0
Gr7_EF462981 1750 2000 0.0
Gr7_EF462981 2000 2250 0.0
Gr7_EF462981 2250 2500 9.68
Gr7_EF462981 2500 2750 9.42
Gr7_EF462981 2750 3000 0.0
Gr7_EF462981 3000 3250 0.0
Gr7_EF462981 3250 3500 0.0
Gr7_EF462981 3500 3750 0.0
Gr7_EF462981 3750 4000 0.0
Gr7_EF462981 4000 4250 0.0
Gr7_EF462981 4250 4500 0.73
Gr7_EF462981 4500 4750 0.0
Gr7_EF462981 4750 5000 0.35
Gr7_EF462981 5000 5250 0.0
Gr7_EF462981 5250 5308 0.0
