Gr1_EF193005 0 250 2.06
Gr1_EF193005 250 500 662.5
Gr1_EF193005 500 750 0.57
Gr1_EF193005 750 1000 677.27
Gr1_EF193005 1000 1250 0.47
Gr1_EF193005 1250 1500 0.0
Gr1_EF193005 1500 1750 199.07
Gr1_EF193005 1750 2000 0.0
Gr1_EF193005 2000 2250 0.0
Gr1_EF193005 2250 2500 0.35
Gr1_EF193005 2500 2750 0.06
Gr1_EF193005 2750 3000 0.18
Gr1_EF193005 3000 3250 8.29
Gr1_EF193005 3250 3500 1.04
Gr1_EF193005 3500 3750 0.0
Gr1_EF193005 3750 4000 155.94
Gr1_EF193005 4000 4250 0.0
Gr1_EF193005 4250 4500 6.86
Gr1_EF193005 4500 4750 0.0
Gr1_EF193005 4750 5000 0.0
Gr1_EF193005 5000 5250 0.0
Gr1_EF193005 5250 5500 0.0
Gr1_EF193005 5500 5750 0.0
Gr1_EF193005 5750 6000 0.33
Gr1_EF193005 6000 6250 0.0
Gr1_EF193005 6250 6500 0.0
Gr1_EF193005 6500 6750 0.0
Gr1_EF193005 6750 7000 0.0
Gr1_EF193005 7000 7250 2.66
Gr1_EF193005 7250 7500 0.0
Gr1_EF193005 7500 7750 0.0
Gr1_EF193005 7750 8000 0.0
Gr1_EF193005 8000 8250 0.0
Gr1_EF193005 8250 8500 0.0
Gr1_EF193005 8500 8750 0.0
Gr1_EF193005 8750 9000 0.0
Gr1_EF193005 9000 9210 0.0
Gr2_EF462976 0 250 2999.55
Gr2_EF462976 250 500 4026.22
Gr2_EF462976 500 750 3506.2
Gr2_EF462976 750 1000 3615.12
Gr2_EF462976 1000 1250 4076.18
Gr2_EF462976 1250 1500 4895.17
Gr2_EF462976 1500 1750 2374.56
Gr2_EF462976 1750 2000 2854.84
Gr2_EF462976 2000 2250 1251.0
Gr2_EF462976 2250 2500 1202.59
Gr2_EF462976 2500 2750 12308.44
Gr2_EF462976 2750 3000 7469.88
Gr2_EF462976 3000 3250 1266.72
Gr2_EF462976 3250 3500 3939.61
Gr2_EF462976 3500 3750 6950.78
Gr2_EF462976 3750 4000 2888.37
Gr2_EF462976 4000 4250 2312.74
Gr2_EF462976 4250 4500 9991.65
Gr2_EF462976 4500 4750 15386.75
Gr2_EF462976 4750 5000 4380.32
Gr2_EF462976 5000 5250 11925.87
Gr2_EF462976 5250 5500 16926.01
Gr2_EF462976 5500 5750 10007.31
Gr2_EF462976 5750 6000 2904.47
Gr2_EF462976 6000 6250 575.33
Gr2_EF462976 6250 6500 913.16
Gr2_EF462976 6500 6604 1049.77
Gr3_EF462977 0 250 3143.97
Gr3_EF462977 250 500 1813.02
Gr3_EF462977 500 750 2818.46
Gr3_EF462977 750 1000 1487.38
Gr3_EF462977 1000 1250 128.32
Gr3_EF462977 1250 1500 421.73
Gr3_EF462977 1500 1750 1215.15
Gr3_EF462977 1750 2000 3436.0
Gr3_EF462977 2000 2250 3585.82
Gr3_EF462977 2250 2500 1518.07
Gr3_EF462977 2500 2750 1194.06
Gr3_EF462977 2750 3000 1257.86
Gr3_EF462977 3000 3192 2700.99
Gr4_EF462978 0 250 2437.56
Gr4_EF462978 250 500 2638.6
Gr4_EF462978 500 750 3456.42
Gr4_EF462978 750 1000 1932.89
Gr4_EF462978 1000 1250 2767.88
Gr4_EF462978 1250 1500 5485.38
Gr4_EF462978 1500 1750 9332.14
Gr4_EF462978 1750 2000 13933.7
Gr4_EF462978 2000 2250 13281.43
Gr4_EF462978 2250 2500 17738.38
Gr4_EF462978 2500 2750 17900.51
Gr4_EF462978 2750 3000 5808.87
Gr4_EF462978 3000 3250 11079.98
Gr4_EF462978 3250 3500 11929.27
Gr4_EF462978 3500 3750 11179.11
Gr4_EF462978 3750 4000 11926.97
Gr4_EF462978 4000 4250 13007.66
Gr4_EF462978 4250 4500 10819.8
Gr4_EF462978 4500 4750 9876.37
Gr4_EF462978 4750 5000 3004.05
Gr4_EF462978 5000 5250 1643.26
Gr4_EF462978 5250 5500 1298.41
Gr4_EF462978 5500 5750 1326.19
Gr4_EF462978 5750 6000 2194.4
Gr4_EF462978 6000 6010 1155.4
Gr5_EF462979 0 250 278.92
Gr5_EF462979 250 500 1514.65
Gr5_EF462979 500 750 732.81
Gr5_EF462979 750 1000 2236.29
Gr5_EF462979 1000 1250 2311.84
Gr5_EF462979 1250 1500 10113.77
Gr5_EF462979 1500 1750 1174.45
Gr5_EF462979 1750 2000 1310.61
Gr5_EF462979 2000 2250 5123.58
Gr5_EF462979 2250 2500 6608.81
Gr5_EF462979 2500 2750 496.89
Gr5_EF462979 2750 3000 274.71
Gr5_EF462979 3000 3250 588.94
Gr5_EF462979 3250 3500 293.18
Gr5_EF462979 3500 3750 203.61
Gr5_EF462979 3750 4000 106.08
Gr5_EF462979 4000 4250 666.14
Gr5_EF462979 4250 4500 248.2
Gr5_EF462979 4500 4750 116.38
Gr5_EF462979 4750 5000 1157.31
Gr5_EF462979 5000 5250 1129.64
Gr5_EF462979 5250 5480 581.51
Gr6_EF462980 0 250 1370.33
Gr6_EF462980 250 500 6392.5
Gr6_EF462980 500 750 3504.39
Gr6_EF462980 750 1000 2943.46
Gr6_EF462980 1000 1250 3131.97
Gr6_EF462980 1250 1500 3289.02
Gr6_EF462980 1500 1750 4083.78
Gr6_EF462980 1750 2000 4308.23
Gr6_EF462980 2000 2250 4468.1
Gr6_EF462980 2250 2500 5213.02
Gr6_EF462980 2500 2750 3968.16
Gr6_EF462980 2750 3000 3415.33
Gr6_EF462980 3000 3250 3161.16
Gr6_EF462980 3250 3500 3963.99
Gr6_EF462980 3500 3750 3065.98
Gr6_EF462980 3750 4000 3150.62
Gr6_EF462980 4000 4250 2050.07
Gr6_EF462980 4250 4500 953.35
Gr6_EF462980 4500 4750 1830.36
Gr6_EF462980 4750 5000 4418.34
Gr6_EF462980 5000 5250 29591.85
Gr6_EF462980 5250 5500 9147.49
Gr6_EF462980 5500 5750 2140.14
Gr6_EF462980 5750 5797 888.83
Gr7_EF462981 0 250 14550.78
Gr7_EF462981 250 500 17885.32
Gr7_EF462981 500 750 17957.27
Gr7_EF462981 750 1000 7789.05
Gr7_EF462981 1000 1250 10538.34
Gr7_EF462981 1250 1500 2955.9
Gr7_EF462981 1500 1750 5855.15
Gr7_EF462981 1750 2000 14862.22
Gr7_EF462981 2000 2250 10183.16
Gr7_EF462981 2250 2500 8877.02
Gr7_EF462981 2500 2750 6847.67
Gr7_EF462981 2750 3000 4168.85
Gr7_EF462981 3000 3250 7904.1
Gr7_EF462981 3250 3500 8752.32
Gr7_EF462981 3500 3750 4825.63
Gr7_EF462981 3750 4000 4438.86
Gr7_EF462981 4000 4250 3916.34
Gr7_EF462981 4250 4500 15374.54
Gr7_EF462981 4500 4750 3668.98
Gr7_EF462981 4750 5000 18061.96
Gr7_EF462981 5000 5250 8893.0
Gr7_EF462981 5250 5308 134.48
