Gr1_EF193005 0 250 0.0
Gr1_EF193005 250 500 0.58
Gr1_EF193005 500 750 0.0
Gr1_EF193005 750 1000 0.0
Gr1_EF193005 1000 1250 0.19
Gr1_EF193005 1250 1500 0.0
Gr1_EF193005 1500 1750 0.0
Gr1_EF193005 1750 2000 0.0
Gr1_EF193005 2000 2250 0.0
Gr1_EF193005 2250 2500 0.0
Gr1_EF193005 2500 2750 0.0
Gr1_EF193005 2750 3000 0.0
Gr1_EF193005 3000 3250 4.15
Gr1_EF193005 3250 3500 0.49
Gr1_EF193005 3500 3750 0.0
Gr1_EF193005 3750 4000 0.0
Gr1_EF193005 4000 4250 0.0
Gr1_EF193005 4250 4500 0.0
Gr1_EF193005 4500 4750 0.0
Gr1_EF193005 4750 5000 0.0
Gr1_EF193005 5000 5250 0.0
Gr1_EF193005 5250 5500 0.0
Gr1_EF193005 5500 5750 0.0
Gr1_EF193005 5750 6000 20.76
Gr1_EF193005 6000 6250 0.0
Gr1_EF193005 6250 6500 0.0
Gr1_EF193005 6500 6750 0.12
Gr1_EF193005 6750 7000 0.0
Gr1_EF193005 7000 7250 0.0
Gr1_EF193005 7250 7500 0.0
Gr1_EF193005 7500 7750 0.0
Gr1_EF193005 7750 8000 0.0
Gr1_EF193005 8000 8250 0.0
Gr1_EF193005 8250 8500 0.0
Gr1_EF193005 8500 8750 0.0
Gr1_EF193005 8750 9000 0.0
Gr1_EF193005 9000 9210 0.0
Gr2_EF462976 0 250 10812.18
Gr2_EF462976 250 500 9748.3
Gr2_EF462976 500 750 6598.7
Gr2_EF462976 750 1000 10427.17
Gr2_EF462976 1000 1250 14494.14
Gr2_EF462976 1250 1500 13935.76
Gr2_EF462976 1500 1750 13095.33
Gr2_EF462976 1750 2000 13266.29
Gr2_EF462976 2000 2250 12307.5
Gr2_EF462976 2250 2500 10981.66
Gr2_EF462976 2500 2750 10014.14
Gr2_EF462976 2750 3000 12664.83
Gr2_EF462976 3000 3250 13788.66
Gr2_EF462976 3250 3500 14205.08
Gr2_EF462976 3500 3750 12916.39
Gr2_EF462976 3750 4000 10970.66
Gr2_EF462976 4000 4250 10269.52
Gr2_EF462976 4250 4500 24954.61
Gr2_EF462976 4500 4750 38515.64
Gr2_EF462976 4750 5000 21638.18
Gr2_EF462976 5000 5250 19130.76
Gr2_EF462976 5250 5500 33798.99
Gr2_EF462976 5500 5750 33596.68
Gr2_EF462976 5750 6000 16896.92
Gr2_EF462976 6000 6250 5907.89
Gr2_EF462976 6250 6500 9186.52
Gr2_EF462976 6500 6604 10454.17
Gr3_EF462977 0 250 5196.1
Gr3_EF462977 250 500 5125.96
Gr3_EF462977 500 750 5275.32
Gr3_EF462977 750 1000 3915.37
Gr3_EF462977 1000 1250 1734.26
Gr3_EF462977 1250 1500 5214.48
Gr3_EF462977 1500 1750 5857.22
Gr3_EF462977 1750 2000 4848.92
Gr3_EF462977 2000 2250 5059.59
Gr3_EF462977 2250 2500 5006.16
Gr3_EF462977 2500 2750 6239.09
Gr3_EF462977 2750 3000 4943.24
Gr3_EF462977 3000 3192 4355.83
Gr4_EF462978 0 250 9180.82
Gr4_EF462978 250 500 13289.4
Gr4_EF462978 500 750 12464.1
Gr4_EF462978 750 1000 16873.35
Gr4_EF462978 1000 1250 16016.06
Gr4_EF462978 1250 1500 12420.41
Gr4_EF462978 1500 1750 12844.57
Gr4_EF462978 1750 2000 13801.88
Gr4_EF462978 2000 2250 14688.68
Gr4_EF462978 2250 2500 18059.42
Gr4_EF462978 2500 2750 21877.26
Gr4_EF462978 2750 3000 9456.12
Gr4_EF462978 3000 3250 13688.72
Gr4_EF462978 3250 3500 13244.17
Gr4_EF462978 3500 3750 13932.7
Gr4_EF462978 3750 4000 13505.81
Gr4_EF462978 4000 4250 13354.43
Gr4_EF462978 4250 4500 12255.96
Gr4_EF462978 4500 4750 20025.48
Gr4_EF462978 4750 5000 12591.53
Gr4_EF462978 5000 5250 6928.82
Gr4_EF462978 5250 5500 11642.14
Gr4_EF462978 5500 5750 11556.16
Gr4_EF462978 5750 6000 14295.28
Gr4_EF462978 6000 6010 480.3
Gr5_EF462979 0 250 3000.12
Gr5_EF462979 250 500 3297.42
Gr5_EF462979 500 750 3271.47
Gr5_EF462979 750 1000 2309.38
Gr5_EF462979 1000 1250 1589.79
Gr5_EF462979 1250 1500 2655.61
Gr5_EF462979 1500 1750 1945.61
Gr5_EF462979 1750 2000 1945.95
Gr5_EF462979 2000 2250 1495.85
Gr5_EF462979 2250 2500 2167.86
Gr5_EF462979 2500 2750 2017.17
Gr5_EF462979 2750 3000 1733.62
Gr5_EF462979 3000 3250 1376.03
Gr5_EF462979 3250 3500 999.59
Gr5_EF462979 3500 3750 2600.78
Gr5_EF462979 3750 4000 1627.44
Gr5_EF462979 4000 4250 1571.32
Gr5_EF462979 4250 4500 1973.32
Gr5_EF462979 4500 4750 1450.9
Gr5_EF462979 4750 5000 4408.39
Gr5_EF462979 5000 5250 2037.38
Gr5_EF462979 5250 5480 1513.3
Gr6_EF462980 0 250 7239.74
Gr6_EF462980 250 500 8753.99
Gr6_EF462980 500 750 8315.67
Gr6_EF462980 750 1000 6552.74
Gr6_EF462980 1000 1250 7284.79
Gr6_EF462980 1250 1500 7821.52
Gr6_EF462980 1500 1750 9614.16
Gr6_EF462980 1750 2000 10212.5
Gr6_EF462980 2000 2250 9808.47
Gr6_EF462980 2250 2500 9295.29
Gr6_EF462980 2500 2750 8567.96
Gr6_EF462980 2750 3000 7314.3
Gr6_EF462980 3000 3250 7038.82
Gr6_EF462980 3250 3500 7504.68
Gr6_EF462980 3500 3750 7539.83
Gr6_EF462980 3750 4000 8089.88
Gr6_EF462980 4000 4250 7954.87
Gr6_EF462980 4250 4500 8182.9
Gr6_EF462980 4500 4750 8447.48
Gr6_EF462980 4750 5000 7773.15
Gr6_EF462980 5000 5250 8213.54
Gr6_EF462980 5250 5500 6787.97
Gr6_EF462980 5500 5750 6226.36
Gr6_EF462980 5750 5797 1491.94
Gr7_EF462981 0 250 29414.6
Gr7_EF462981 250 500 35811.43
Gr7_EF462981 500 750 33733.29
Gr7_EF462981 750 1000 29113.4
Gr7_EF462981 1000 1250 30024.47
Gr7_EF462981 1250 1500 22476.16
Gr7_EF462981 1500 1750 27677.04
Gr7_EF462981 1750 2000 27971.29
Gr7_EF462981 2000 2250 25610.5
Gr7_EF462981 2250 2500 29645.24
Gr7_EF462981 2500 2750 30591.0
Gr7_EF462981 2750 3000 28902.85
Gr7_EF462981 3000 3250 24429.51
Gr7_EF462981 3250 3500 18234.78
Gr7_EF462981 3500 3750 16736.94
Gr7_EF462981 3750 4000 21581.09
Gr7_EF462981 4000 4250 28076.99
Gr7_EF462981 4250 4500 28723.85
Gr7_EF462981 4500 4750 25138.11
Gr7_EF462981 4750 5000 26534.14
Gr7_EF462981 5000 5250 15288.42
Gr7_EF462981 5250 5308 153.93
