Gr1_EF193005 0 250 14.32
Gr1_EF193005 250 500 0.42
Gr1_EF193005 500 750 0.0
Gr1_EF193005 750 1000 0.0
Gr1_EF193005 1000 1250 0.17
Gr1_EF193005 1250 1500 0.0
Gr1_EF193005 1500 1750 0.14
Gr1_EF193005 1750 2000 0.0
Gr1_EF193005 2000 2250 0.0
Gr1_EF193005 2250 2500 0.0
Gr1_EF193005 2500 2750 0.0
Gr1_EF193005 2750 3000 0.0
Gr1_EF193005 3000 3250 21.86
Gr1_EF193005 3250 3500 2.84
Gr1_EF193005 3500 3750 0.0
Gr1_EF193005 3750 4000 6.58
Gr1_EF193005 4000 4250 0.0
Gr1_EF193005 4250 4500 0.12
Gr1_EF193005 4500 4750 0.0
Gr1_EF193005 4750 5000 0.0
Gr1_EF193005 5000 5250 0.0
Gr1_EF193005 5250 5500 0.0
Gr1_EF193005 5500 5750 0.0
Gr1_EF193005 5750 6000 21.27
Gr1_EF193005 6000 6250 0.0
Gr1_EF193005 6250 6500 0.0
Gr1_EF193005 6500 6750 0.0
Gr1_EF193005 6750 7000 0.0
Gr1_EF193005 7000 7250 1.37
Gr1_EF193005 7250 7500 0.0
Gr1_EF193005 7500 7750 0.0
Gr1_EF193005 7750 8000 0.0
Gr1_EF193005 8000 8250 0.0
Gr1_EF193005 8250 8500 0.0
Gr1_EF193005 8500 8750 0.0
Gr1_EF193005 8750 9000 0.0
Gr1_EF193005 9000 9210 0.0
Gr2_EF462976 0 250 9210.58
Gr2_EF462976 250 500 4938.12
Gr2_EF462976 500 750 4690.66
Gr2_EF462976 750 1000 4726.68
Gr2_EF462976 1000 1250 7998.65
Gr2_EF462976 1250 1500 4959.54
Gr2_EF462976 1500 1750 3663.21
Gr2_EF462976 1750 2000 2966.31
Gr2_EF462976 2000 2250 2792.78
Gr2_EF462976 2250 2500 2567.54
Gr2_EF462976 2500 2750 3252.66
Gr2_EF462976 2750 3000 4982.98
Gr2_EF462976 3000 3250 4525.47
Gr2_EF462976 3250 3500 3617.86
Gr2_EF462976 3500 3750 6495.66
Gr2_EF462976 3750 4000 5427.8
Gr2_EF462976 4000 4250 2760.6
Gr2_EF462976 4250 4500 22724.56
Gr2_EF462976 4500 4750 40781.3
Gr2_EF462976 4750 5000 8449.86
Gr2_EF462976 5000 5250 20510.41
Gr2_EF462976 5250 5500 15425.92
Gr2_EF462976 5500 5750 17460.83
Gr2_EF462976 5750 6000 9578.57
Gr2_EF462976 6000 6250 1306.0
Gr2_EF462976 6250 6500 1987.72
Gr2_EF462976 6500 6604 2249.12
Gr3_EF462977 0 250 6666.07
Gr3_EF462977 250 500 3561.25
Gr3_EF462977 500 750 4498.65
Gr3_EF462977 750 1000 5174.98
Gr3_EF462977 1000 1250 2160.38
Gr3_EF462977 1250 1500 2811.52
Gr3_EF462977 1500 1750 6320.52
Gr3_EF462977 1750 2000 11522.15
Gr3_EF462977 2000 2250 11459.08
Gr3_EF462977 2250 2500 7605.83
Gr3_EF462977 2500 2750 9441.99
Gr3_EF462977 2750 3000 6478.27
Gr3_EF462977 3000 3192 7352.75
Gr4_EF462978 0 250 7552.33
Gr4_EF462978 250 500 7527.7
Gr4_EF462978 500 750 7123.48
Gr4_EF462978 750 1000 9029.38
Gr4_EF462978 1000 1250 7118.08
Gr4_EF462978 1250 1500 14275.88
Gr4_EF462978 1500 1750 14556.09
Gr4_EF462978 1750 2000 15590.98
Gr4_EF462978 2000 2250 16790.58
Gr4_EF462978 2250 2500 22298.13
Gr4_EF462978 2500 2750 25193.82
Gr4_EF462978 2750 3000 10946.87
Gr4_EF462978 3000 3250 16345.46
Gr4_EF462978 3250 3500 15240.65
Gr4_EF462978 3500 3750 15837.58
Gr4_EF462978 3750 4000 15509.55
Gr4_EF462978 4000 4250 15947.66
Gr4_EF462978 4250 4500 14402.45
Gr4_EF462978 4500 4750 6934.86
Gr4_EF462978 4750 5000 4042.46
Gr4_EF462978 5000 5250 4101.72
Gr4_EF462978 5250 5500 5388.84
Gr4_EF462978 5500 5750 3411.62
Gr4_EF462978 5750 6000 2541.2
Gr4_EF462978 6000 6010 116.6
Gr5_EF462979 0 250 2111.22
Gr5_EF462979 250 500 5514.9
Gr5_EF462979 500 750 5433.65
Gr5_EF462979 750 1000 2366.9
Gr5_EF462979 1000 1250 3265.46
Gr5_EF462979 1250 1500 9192.71
Gr5_EF462979 1500 1750 5072.88
Gr5_EF462979 1750 2000 6457.11
Gr5_EF462979 2000 2250 5349.21
Gr5_EF462979 2250 2500 8651.67
Gr5_EF462979 2500 2750 5718.83
Gr5_EF462979 2750 3000 1304.95
Gr5_EF462979 3000 3250 3736.06
Gr5_EF462979 3250 3500 2163.69
Gr5_EF462979 3500 3750 7110.27
Gr5_EF462979 3750 4000 5235.38
Gr5_EF462979 4000 4250 2887.56
Gr5_EF462979 4250 4500 955.19
Gr5_EF462979 4500 4750 913.65
Gr5_EF462979 4750 5000 5136.1
Gr5_EF462979 5000 5250 9001.51
Gr5_EF462979 5250 5480 6886.26
Gr6_EF462980 0 250 3631.65
Gr6_EF462980 250 500 11424.51
Gr6_EF462980 500 750 10232.07
Gr6_EF462980 750 1000 8560.6
Gr6_EF462980 1000 1250 8819.62
Gr6_EF462980 1250 1500 9724.79
Gr6_EF462980 1500 1750 13555.44
Gr6_EF462980 1750 2000 11336.57
Gr6_EF462980 2000 2250 11230.5
Gr6_EF462980 2250 2500 17440.49
Gr6_EF462980 2500 2750 10010.94
Gr6_EF462980 2750 3000 9162.34
Gr6_EF462980 3000 3250 8474.44
Gr6_EF462980 3250 3500 8254.16
Gr6_EF462980 3500 3750 8009.25
Gr6_EF462980 3750 4000 8524.2
Gr6_EF462980 4000 4250 5940.84
Gr6_EF462980 4250 4500 2147.56
Gr6_EF462980 4500 4750 2140.36
Gr6_EF462980 4750 5000 2798.51
Gr6_EF462980 5000 5250 29518.34
Gr6_EF462980 5250 5500 16268.88
Gr6_EF462980 5500 5750 6956.74
Gr6_EF462980 5750 5797 1160.53
Gr7_EF462981 0 250 24138.54
Gr7_EF462981 250 500 33995.27
Gr7_EF462981 500 750 29666.76
Gr7_EF462981 750 1000 25653.14
Gr7_EF462981 1000 1250 19451.8
Gr7_EF462981 1250 1500 5064.63
Gr7_EF462981 1500 1750 13207.2
Gr7_EF462981 1750 2000 25711.4
Gr7_EF462981 2000 2250 21963.82
Gr7_EF462981 2250 2500 23932.67
Gr7_EF462981 2500 2750 35459.94
Gr7_EF462981 2750 3000 35533.65
Gr7_EF462981 3000 3250 38772.86
Gr7_EF462981 3250 3500 27227.37
Gr7_EF462981 3500 3750 18755.41
Gr7_EF462981 3750 4000 17214.14
Gr7_EF462981 4000 4250 19907.85
Gr7_EF462981 4250 4500 20753.26
Gr7_EF462981 4500 4750 14862.62
Gr7_EF462981 4750 5000 20182.39
Gr7_EF462981 5000 5250 19285.64
Gr7_EF462981 5250 5308 218.76
