Gr1_EF193005 0 250 0.0
Gr1_EF193005 250 500 0.53
Gr1_EF193005 500 750 0.0
Gr1_EF193005 750 1000 0.0
Gr1_EF193005 1000 1250 0.17
Gr1_EF193005 1250 1500 0.0
Gr1_EF193005 1500 1750 0.0
Gr1_EF193005 1750 2000 0.0
Gr1_EF193005 2000 2250 0.0
Gr1_EF193005 2250 2500 0.0
Gr1_EF193005 2500 2750 0.0
Gr1_EF193005 2750 3000 0.0
Gr1_EF193005 3000 3250 3.84
Gr1_EF193005 3250 3500 0.45
Gr1_EF193005 3500 3750 0.0
Gr1_EF193005 3750 4000 0.0
Gr1_EF193005 4000 4250 0.0
Gr1_EF193005 4250 4500 0.0
Gr1_EF193005 4500 4750 0.0
Gr1_EF193005 4750 5000 0.0
Gr1_EF193005 5000 5250 0.0
Gr1_EF193005 5250 5500 0.0
Gr1_EF193005 5500 5750 0.0
Gr1_EF193005 5750 6000 19.21
Gr1_EF193005 6000 6250 0.0
Gr1_EF193005 6250 6500 0.0
Gr1_EF193005 6500 6750 0.11
Gr1_EF193005 6750 7000 0.0
Gr1_EF193005 7000 7250 0.0
Gr1_EF193005 7250 7500 0.0
Gr1_EF193005 7500 7750 0.0
Gr1_EF193005 7750 8000 0.0
Gr1_EF193005 8000 8250 0.0
Gr1_EF193005 8250 8500 0.0
Gr1_EF193005 8500 8750 0.0
Gr1_EF193005 8750 9000 0.0
Gr1_EF193005 9000 9210 0.0
Gr2_EF462976 0 250 10002.35
Gr2_EF462976 250 500 9018.15
Gr2_EF462976 500 750 6104.46
Gr2_EF462976 750 1000 9646.18
Gr2_EF462976 1000 1250 13408.53
Gr2_EF462976 1250 1500 12891.97
Gr2_EF462976 1500 1750 12114.49
Gr2_EF462976 1750 2000 12272.65
Gr2_EF462976 2000 2250 11385.67
Gr2_EF462976 2250 2500 10159.13
Gr2_EF462976 2500 2750 9264.08
Gr2_EF462976 2750 3000 11716.24
Gr2_EF462976 3000 3250 12755.89
Gr2_EF462976 3250 3500 13141.12
Gr2_EF462976 3500 3750 11948.95
Gr2_EF462976 3750 4000 10148.96
Gr2_EF462976 4000 4250 9500.33
Gr2_EF462976 4250 4500 23085.51
Gr2_EF462976 4500 4750 35630.82
Gr2_EF462976 4750 5000 20017.48
Gr2_EF462976 5000 5250 17697.86
Gr2_EF462976 5250 5500 31267.44
Gr2_EF462976 5500 5750 31080.29
Gr2_EF462976 5750 6000 15631.34
Gr2_EF462976 6000 6250 5465.39
Gr2_EF462976 6250 6500 8498.45
Gr2_EF462976 6500 6604 9671.16
Gr3_EF462977 0 250 4806.92
Gr3_EF462977 250 500 4742.03
Gr3_EF462977 500 750 4880.2
Gr3_EF462977 750 1000 3622.11
Gr3_EF462977 1000 1250 1604.37
Gr3_EF462977 1250 1500 4823.91
Gr3_EF462977 1500 1750 5418.51
Gr3_EF462977 1750 2000 4485.74
Gr3_EF462977 2000 2250 4680.62
Gr3_EF462977 2250 2500 4631.19
Gr3_EF462977 2500 2750 5771.78
Gr3_EF462977 2750 3000 4572.99
Gr3_EF462977 3000 3192 4029.58
Gr4_EF462978 0 250 8493.18
Gr4_EF462978 250 500 12294.03
Gr4_EF462978 500 750 11530.54
Gr4_EF462978 750 1000 15609.53
Gr4_EF462978 1000 1250 14816.46
Gr4_EF462978 1250 1500 11490.12
Gr4_EF462978 1500 1750 11882.51
Gr4_EF462978 1750 2000 12768.12
Gr4_EF462978 2000 2250 13588.5
Gr4_EF462978 2250 2500 16706.77
Gr4_EF462978 2500 2750 20238.65
Gr4_EF462978 2750 3000 8747.86
Gr4_EF462978 3000 3250 12663.43
Gr4_EF462978 3250 3500 12252.18
Gr4_EF462978 3500 3750 12889.14
Gr4_EF462978 3750 4000 12494.22
Gr4_EF462978 4000 4250 12354.19
Gr4_EF462978 4250 4500 11337.98
Gr4_EF462978 4500 4750 18525.57
Gr4_EF462978 4750 5000 11648.42
Gr4_EF462978 5000 5250 6409.85
Gr4_EF462978 5250 5500 10770.15
Gr4_EF462978 5500 5750 10690.61
Gr4_EF462978 5750 6000 13224.56
Gr4_EF462978 6000 6010 444.33
Gr5_EF462979 0 250 2775.41
Gr5_EF462979 250 500 3050.44
Gr5_EF462979 500 750 3026.44
Gr5_EF462979 750 1000 2136.41
Gr5_EF462979 1000 1250 1470.71
Gr5_EF462979 1250 1500 2456.7
Gr5_EF462979 1500 1750 1799.88
Gr5_EF462979 1750 2000 1800.2
Gr5_EF462979 2000 2250 1383.81
Gr5_EF462979 2250 2500 2005.49
Gr5_EF462979 2500 2750 1866.09
Gr5_EF462979 2750 3000 1603.78
Gr5_EF462979 3000 3250 1272.97
Gr5_EF462979 3250 3500 924.72
Gr5_EF462979 3500 3750 2405.99
Gr5_EF462979 3750 4000 1505.55
Gr5_EF462979 4000 4250 1453.63
Gr5_EF462979 4250 4500 1825.51
Gr5_EF462979 4500 4750 1342.22
Gr5_EF462979 4750 5000 4078.2
Gr5_EF462979 5000 5250 1884.78
Gr5_EF462979 5250 5480 1399.95
Gr6_EF462980 0 250 6697.48
Gr6_EF462980 250 500 8098.32
Gr6_EF462980 500 750 7692.82
Gr6_EF462980 750 1000 6061.94
Gr6_EF462980 1000 1250 6739.16
Gr6_EF462980 1250 1500 7235.69
Gr6_EF462980 1500 1750 8894.06
Gr6_EF462980 1750 2000 9447.58
Gr6_EF462980 2000 2250 9073.81
Gr6_EF462980 2250 2500 8599.07
Gr6_EF462980 2500 2750 7926.22
Gr6_EF462980 2750 3000 6766.46
Gr6_EF462980 3000 3250 6511.62
Gr6_EF462980 3250 3500 6942.58
Gr6_EF462980 3500 3750 6975.1
Gr6_EF462980 3750 4000 7483.95
Gr6_EF462980 4000 4250 7359.05
Gr6_EF462980 4250 4500 7570.0
Gr6_EF462980 4500 4750 7814.76
Gr6_EF462980 4750 5000 7190.94
Gr6_EF462980 5000 5250 7598.34
Gr6_EF462980 5250 5500 6279.55
Gr6_EF462980 5500 5750 5760.0
Gr6_EF462980 5750 5797 1380.19
Gr7_EF462981 0 250 27211.45
Gr7_EF462981 250 500 33129.16
Gr7_EF462981 500 750 31206.66
Gr7_EF462981 750 1000 26932.8
Gr7_EF462981 1000 1250 27775.64
Gr7_EF462981 1250 1500 20792.7
Gr7_EF462981 1500 1750 25604.03
Gr7_EF462981 1750 2000 25876.24
Gr7_EF462981 2000 2250 23692.28
Gr7_EF462981 2250 2500 27424.82
Gr7_EF462981 2500 2750 28299.73
Gr7_EF462981 2750 3000 26738.03
Gr7_EF462981 3000 3250 22599.74
Gr7_EF462981 3250 3500 16869.0
Gr7_EF462981 3500 3750 15483.34
Gr7_EF462981 3750 4000 19964.66
Gr7_EF462981 4000 4250 25974.03
Gr7_EF462981 4250 4500 26572.43
Gr7_EF462981 4500 4750 23255.27
Gr7_EF462981 4750 5000 24546.73
Gr7_EF462981 5000 5250 14143.32
Gr7_EF462981 5250 5308 142.4
