Gr1_EF193005 0 250 0.37
Gr1_EF193005 250 500 7.24
Gr1_EF193005 500 750 0.46
Gr1_EF193005 750 1000 5.31
Gr1_EF193005 1000 1250 0.95
Gr1_EF193005 1250 1500 0.23
Gr1_EF193005 1500 1750 0.55
Gr1_EF193005 1750 2000 0.0
Gr1_EF193005 2000 2250 0.0
Gr1_EF193005 2250 2500 0.0
Gr1_EF193005 2500 2750 0.69
Gr1_EF193005 2750 3000 0.35
Gr1_EF193005 3000 3250 4.2
Gr1_EF193005 3250 3500 0.53
Gr1_EF193005 3500 3750 0.0
Gr1_EF193005 3750 4000 0.0
Gr1_EF193005 4000 4250 0.0
Gr1_EF193005 4250 4500 3.62
Gr1_EF193005 4500 4750 0.0
Gr1_EF193005 4750 5000 0.0
Gr1_EF193005 5000 5250 0.0
Gr1_EF193005 5250 5500 0.0
Gr1_EF193005 5500 5750 0.0
Gr1_EF193005 5750 6000 1.42
Gr1_EF193005 6000 6250 0.0
Gr1_EF193005 6250 6500 0.0
Gr1_EF193005 6500 6750 0.0
Gr1_EF193005 6750 7000 0.0
Gr1_EF193005 7000 7250 0.0
Gr1_EF193005 7250 7500 0.0
Gr1_EF193005 7500 7750 0.0
Gr1_EF193005 7750 8000 0.0
Gr1_EF193005 8000 8250 0.0
Gr1_EF193005 8250 8500 0.0
Gr1_EF193005 8500 8750 0.0
Gr1_EF193005 8750 9000 0.0
Gr1_EF193005 9000 9210 0.0
Gr2_EF462976 0 250 258.65
Gr2_EF462976 250 500 568.83
Gr2_EF462976 500 750 105.42
Gr2_EF462976 750 1000 313.0
Gr2_EF462976 1000 1250 335.25
Gr2_EF462976 1250 1500 83.05
Gr2_EF462976 1500 1750 275.49
Gr2_EF462976 1750 2000 1879.56
Gr2_EF462976 2000 2250 54.97
Gr2_EF462976 2250 2500 66.03
Gr2_EF462976 2500 2750 15170.69
Gr2_EF462976 2750 3000 8600.35
Gr2_EF462976 3000 3250 56.32
Gr2_EF462976 3250 3500 2202.04
Gr2_EF462976 3500 3750 11166.76
Gr2_EF462976 3750 4000 5463.27
Gr2_EF462976 4000 4250 2688.1
Gr2_EF462976 4250 4500 5954.02
Gr2_EF462976 4500 4750 12682.71
Gr2_EF462976 4750 5000 1668.55
Gr2_EF462976 5000 5250 5218.57
Gr2_EF462976 5250 5500 4389.97
Gr2_EF462976 5500 5750 5772.02
Gr2_EF462976 5750 6000 1027.23
Gr2_EF462976 6000 6250 35.34
Gr2_EF462976 6250 6500 39.75
Gr2_EF462976 6500 6604 40.48
Gr3_EF462977 0 250 1926.51
Gr3_EF462977 250 500 37.9
Gr3_EF462977 500 750 3102.85
Gr3_EF462977 750 1000 936.44
Gr3_EF462977 1000 1250 12.52
Gr3_EF462977 1250 1500 68.1
Gr3_EF462977 1500 1750 549.86
Gr3_EF462977 1750 2000 2796.17
Gr3_EF462977 2000 2250 3050.26
Gr3_EF462977 2250 2500 1760.49
Gr3_EF462977 2500 2750 916.53
Gr3_EF462977 2750 3000 985.62
Gr3_EF462977 3000 3192 1017.44
Gr4_EF462978 0 250 3443.65
Gr4_EF462978 250 500 3720.53
Gr4_EF462978 500 750 8050.84
Gr4_EF462978 750 1000 1907.94
Gr4_EF462978 1000 1250 2592.91
Gr4_EF462978 1250 1500 10727.12
Gr4_EF462978 1500 1750 10680.41
Gr4_EF462978 1750 2000 11354.24
Gr4_EF462978 2000 2250 12047.03
Gr4_EF462978 2250 2500 15760.92
Gr4_EF462978 2500 2750 18042.72
Gr4_EF462978 2750 3000 7525.84
Gr4_EF462978 3000 3250 12013.47
Gr4_EF462978 3250 3500 10853.45
Gr4_EF462978 3500 3750 11426.32
Gr4_EF462978 3750 4000 10958.06
Gr4_EF462978 4000 4250 11199.94
Gr4_EF462978 4250 4500 10375.3
Gr4_EF462978 4500 4750 13633.6
Gr4_EF462978 4750 5000 8710.84
Gr4_EF462978 5000 5250 1811.81
Gr4_EF462978 5250 5500 525.74
Gr4_EF462978 5500 5750 369.95
Gr4_EF462978 5750 6000 2580.69
Gr4_EF462978 6000 6010 342.08
Gr5_EF462979 0 250 74.36
Gr5_EF462979 250 500 5196.04
Gr5_EF462979 500 750 996.41
Gr5_EF462979 750 1000 1388.09
Gr5_EF462979 1000 1250 77.64
Gr5_EF462979 1250 1500 430.99
Gr5_EF462979 1500 1750 586.53
Gr5_EF462979 1750 2000 556.79
Gr5_EF462979 2000 2250 1618.76
Gr5_EF462979 2250 2500 90.07
Gr5_EF462979 2500 2750 8.83
Gr5_EF462979 2750 3000 12.52
Gr5_EF462979 3000 3250 10.73
Gr5_EF462979 3250 3500 8.62
Gr5_EF462979 3500 3750 15.1
Gr5_EF462979 3750 4000 8.8
Gr5_EF462979 4000 4250 694.68
Gr5_EF462979 4250 4500 21.36
Gr5_EF462979 4500 4750 58.65
Gr5_EF462979 4750 5000 1276.01
Gr5_EF462979 5000 5250 1346.09
Gr5_EF462979 5250 5480 1038.42
Gr6_EF462980 0 250 1189.01
Gr6_EF462980 250 500 11749.16
Gr6_EF462980 500 750 6378.39
Gr6_EF462980 750 1000 4403.47
Gr6_EF462980 1000 1250 4698.72
Gr6_EF462980 1250 1500 5125.72
Gr6_EF462980 1500 1750 5784.56
Gr6_EF462980 1750 2000 6018.52
Gr6_EF462980 2000 2250 6198.88
Gr6_EF462980 2250 2500 6086.19
Gr6_EF462980 2500 2750 5512.14
Gr6_EF462980 2750 3000 5319.61
Gr6_EF462980 3000 3250 4810.28
Gr6_EF462980 3250 3500 4791.63
Gr6_EF462980 3500 3750 3859.24
Gr6_EF462980 3750 4000 4625.55
Gr6_EF462980 4000 4250 2346.81
Gr6_EF462980 4250 4500 20.67
Gr6_EF462980 4500 4750 15.99
Gr6_EF462980 4750 5000 798.03
Gr6_EF462980 5000 5250 21928.99
Gr6_EF462980 5250 5500 17780.9
Gr6_EF462980 5500 5750 3167.49
Gr6_EF462980 5750 5797 1585.71
Gr7_EF462981 0 250 18389.32
Gr7_EF462981 250 500 20656.47
Gr7_EF462981 500 750 25529.45
Gr7_EF462981 750 1000 9231.93
Gr7_EF462981 1000 1250 15712.32
Gr7_EF462981 1250 1500 5314.12
Gr7_EF462981 1500 1750 8700.95
Gr7_EF462981 1750 2000 19295.21
Gr7_EF462981 2000 2250 9764.02
Gr7_EF462981 2250 2500 8006.35
Gr7_EF462981 2500 2750 2753.48
Gr7_EF462981 2750 3000 2602.09
Gr7_EF462981 3000 3250 2585.05
Gr7_EF462981 3250 3500 2382.17
Gr7_EF462981 3500 3750 2167.51
Gr7_EF462981 3750 4000 2303.13
Gr7_EF462981 4000 4250 3568.46
Gr7_EF462981 4250 4500 5282.05
Gr7_EF462981 4500 4750 3344.68
Gr7_EF462981 4750 5000 6319.07
Gr7_EF462981 5000 5250 7576.5
Gr7_EF462981 5250 5308 146.09
