Gr1_EF193005 0 250 5.31
Gr1_EF193005 250 500 4.7
Gr1_EF193005 500 750 2.6
Gr1_EF193005 750 1000 4.28
Gr1_EF193005 1000 1250 2.83
Gr1_EF193005 1250 1500 2.54
Gr1_EF193005 1500 1750 2.15
Gr1_EF193005 1750 2000 1.12
Gr1_EF193005 2000 2250 2.76
Gr1_EF193005 2250 2500 3.54
Gr1_EF193005 2500 2750 1.41
Gr1_EF193005 2750 3000 0.4
Gr1_EF193005 3000 3250 6.36
Gr1_EF193005 3250 3500 1.1
Gr1_EF193005 3500 3750 0.81
Gr1_EF193005 3750 4000 5.31
Gr1_EF193005 4000 4250 2.19
Gr1_EF193005 4250 4500 11.96
Gr1_EF193005 4500 4750 1.24
Gr1_EF193005 4750 5000 1.5
Gr1_EF193005 5000 5250 1.28
Gr1_EF193005 5250 5500 0.63
Gr1_EF193005 5500 5750 1.57
Gr1_EF193005 5750 6000 19.67
Gr1_EF193005 6000 6250 11.72
Gr1_EF193005 6250 6500 11.4
Gr1_EF193005 6500 6750 5.35
Gr1_EF193005 6750 7000 2.97
Gr1_EF193005 7000 7250 4.73
Gr1_EF193005 7250 7500 5.22
Gr1_EF193005 7500 7750 1.56
Gr1_EF193005 7750 8000 0.8
Gr1_EF193005 8000 8250 0.26
Gr1_EF193005 8250 8500 1.44
Gr1_EF193005 8500 8750 2.22
Gr1_EF193005 8750 9000 2.83
Gr1_EF193005 9000 9210 3.21
Gr2_EF462976 0 250 7086.32
Gr2_EF462976 250 500 6468.16
Gr2_EF462976 500 750 4388.56
Gr2_EF462976 750 1000 6688.5
Gr2_EF462976 1000 1250 9047.36
Gr2_EF462976 1250 1500 8660.01
Gr2_EF462976 1500 1750 8678.2
Gr2_EF462976 1750 2000 9571.03
Gr2_EF462976 2000 2250 9000.62
Gr2_EF462976 2250 2500 8065.91
Gr2_EF462976 2500 2750 11080.24
Gr2_EF462976 2750 3000 10825.81
Gr2_EF462976 3000 3250 8981.59
Gr2_EF462976 3250 3500 9573.16
Gr2_EF462976 3500 3750 10127.3
Gr2_EF462976 3750 4000 8282.9
Gr2_EF462976 4000 4250 6894.77
Gr2_EF462976 4250 4500 19906.4
Gr2_EF462976 4500 4750 30916.69
Gr2_EF462976 4750 5000 18011.12
Gr2_EF462976 5000 5250 15404.13
Gr2_EF462976 5250 5500 25882.34
Gr2_EF462976 5500 5750 25097.58
Gr2_EF462976 5750 6000 11744.88
Gr2_EF462976 6000 6250 4288.75
Gr2_EF462976 6250 6500 5997.04
Gr2_EF462976 6500 6604 7060.9
Gr3_EF462977 0 250 6039.21
Gr3_EF462977 250 500 5389.34
Gr3_EF462977 500 750 6639.33
Gr3_EF462977 750 1000 4690.05
Gr3_EF462977 1000 1250 1938.67
Gr3_EF462977 1250 1500 5355.47
Gr3_EF462977 1500 1750 6351.64
Gr3_EF462977 1750 2000 7196.9
Gr3_EF462977 2000 2250 8002.36
Gr3_EF462977 2250 2500 6827.15
Gr3_EF462977 2500 2750 7302.94
Gr3_EF462977 2750 3000 6666.54
Gr3_EF462977 3000 3192 4701.68
Gr4_EF462978 0 250 14673.93
Gr4_EF462978 250 500 20255.94
Gr4_EF462978 500 750 18854.85
Gr4_EF462978 750 1000 23903.63
Gr4_EF462978 1000 1250 22580.15
Gr4_EF462978 1250 1500 20230.0
Gr4_EF462978 1500 1750 19011.66
Gr4_EF462978 1750 2000 20133.48
Gr4_EF462978 2000 2250 21540.82
Gr4_EF462978 2250 2500 28687.12
Gr4_EF462978 2500 2750 33240.35
Gr4_EF462978 2750 3000 14428.01
Gr4_EF462978 3000 3250 21392.31
Gr4_EF462978 3250 3500 19916.03
Gr4_EF462978 3500 3750 20989.54
Gr4_EF462978 3750 4000 20627.74
Gr4_EF462978 4000 4250 21199.13
Gr4_EF462978 4250 4500 19603.9
Gr4_EF462978 4500 4750 28892.01
Gr4_EF462978 4750 5000 18204.54
Gr4_EF462978 5000 5250 9648.51
Gr4_EF462978 5250 5500 14876.02
Gr4_EF462978 5500 5750 14858.41
Gr4_EF462978 5750 6000 17065.64
Gr4_EF462978 6000 6010 711.9
Gr5_EF462979 0 250 5396.46
Gr5_EF462979 250 500 6924.67
Gr5_EF462979 500 750 6728.39
Gr5_EF462979 750 1000 4677.28
Gr5_EF462979 1000 1250 2897.54
Gr5_EF462979 1250 1500 4619.47
Gr5_EF462979 1500 1750 3393.63
Gr5_EF462979 1750 2000 3147.66
Gr5_EF462979 2000 2250 2760.98
Gr5_EF462979 2250 2500 3379.69
Gr5_EF462979 2500 2750 3240.14
Gr5_EF462979 2750 3000 3319.56
Gr5_EF462979 3000 3250 2994.17
Gr5_EF462979 3250 3500 2022.78
Gr5_EF462979 3500 3750 4905.79
Gr5_EF462979 3750 4000 2836.08
Gr5_EF462979 4000 4250 2707.09
Gr5_EF462979 4250 4500 3390.88
Gr5_EF462979 4500 4750 2990.36
Gr5_EF462979 4750 5000 7311.29
Gr5_EF462979 5000 5250 4457.45
Gr5_EF462979 5250 5480 2957.66
Gr6_EF462980 0 250 7034.96
Gr6_EF462980 250 500 10935.05
Gr6_EF462980 500 750 8582.33
Gr6_EF462980 750 1000 7396.13
Gr6_EF462980 1000 1250 7788.2
Gr6_EF462980 1250 1500 8523.98
Gr6_EF462980 1500 1750 9640.56
Gr6_EF462980 1750 2000 9832.28
Gr6_EF462980 2000 2250 9673.03
Gr6_EF462980 2250 2500 9712.81
Gr6_EF462980 2500 2750 8966.85
Gr6_EF462980 2750 3000 8073.83
Gr6_EF462980 3000 3250 7317.02
Gr6_EF462980 3250 3500 6995.8
Gr6_EF462980 3500 3750 6707.26
Gr6_EF462980 3750 4000 7813.71
Gr6_EF462980 4000 4250 7733.7
Gr6_EF462980 4250 4500 7411.61
Gr6_EF462980 4500 4750 7603.89
Gr6_EF462980 4750 5000 7350.68
Gr6_EF462980 5000 5250 11907.13
Gr6_EF462980 5250 5500 10063.3
Gr6_EF462980 5500 5750 6731.19
Gr6_EF462980 5750 5797 1855.09
Gr7_EF462981 0 250 22507.96
Gr7_EF462981 250 500 28404.12
Gr7_EF462981 500 750 28121.55
Gr7_EF462981 750 1000 21737.7
Gr7_EF462981 1000 1250 24454.04
Gr7_EF462981 1250 1500 17667.88
Gr7_EF462981 1500 1750 21438.46
Gr7_EF462981 1750 2000 22266.96
Gr7_EF462981 2000 2250 18790.27
Gr7_EF462981 2250 2500 20931.02
Gr7_EF462981 2500 2750 20955.34
Gr7_EF462981 2750 3000 20550.04
Gr7_EF462981 3000 3250 19138.11
Gr7_EF462981 3250 3500 16095.98
Gr7_EF462981 3500 3750 14671.98
Gr7_EF462981 3750 4000 17851.02
Gr7_EF462981 4000 4250 19913.8
Gr7_EF462981 4250 4500 20091.56
Gr7_EF462981 4500 4750 18251.41
Gr7_EF462981 4750 5000 19124.18
Gr7_EF462981 5000 5250 13445.98
Gr7_EF462981 5250 5308 157.81
