Gp1_AJ249395 0 250 2004.09
Gp1_AJ249395 250 500 18.19
Gp1_AJ249395 500 750 1161.55
Gp1_AJ249395 750 1000 730.08
Gp1_AJ249395 1000 1250 3490.16
Gp1_AJ249395 1250 1500 2466.27
Gp1_AJ249395 1500 1750 1042.83
Gp1_AJ249395 1750 2000 1184.46
Gp1_AJ249395 2000 2250 15.57
Gp1_AJ249395 2250 2500 0.7
Gp1_AJ249395 2500 2750 666.1
Gp1_AJ249395 2750 3000 1003.92
Gp1_AJ249395 3000 3250 3289.86
Gp1_AJ249395 3250 3500 400.8
Gp1_AJ249395 3500 3750 801.53
Gp1_AJ249395 3750 4000 3182.46
Gp1_AJ249395 4000 4250 1254.28
Gp1_AJ249395 4250 4500 309.82
Gp1_AJ249395 4500 4750 2943.16
Gp1_AJ249395 4750 5000 3423.13
Gp1_AJ249395 5000 5250 5580.49
Gp1_AJ249395 5250 5500 1665.62
Gp1_AJ249395 5500 5750 3696.03
Gp1_AJ249395 5750 6000 135.41
Gp1_AJ249395 6000 6250 0.51
Gp1_AJ249395 6250 6500 0.0
Gp1_AJ249395 6500 6750 35.5
Gp1_AJ249395 6750 7000 2388.8
Gp1_AJ249395 7000 7250 1861.37
Gp1_AJ249395 7250 7500 26455.88
Gp1_AJ249395 7500 7750 573.86
Gp1_AJ249395 7750 8000 8223.62
Gp1_AJ249395 8000 8250 25579.9
Gp1_AJ249395 8250 8500 25906.57
Gp1_AJ249395 8500 8750 7932.78
Gp1_AJ249395 8750 9000 9898.94
Gp1_AJ249395 9000 9250 19799.45
Gp1_AJ249395 9250 9428 4600.99
Gp2_DQ631911 0 250 2492.76
Gp2_DQ631911 250 500 304.92
Gp2_DQ631911 500 750 2544.45
Gp2_DQ631911 750 1000 2433.93
Gp2_DQ631911 1000 1250 4794.38
Gp2_DQ631911 1250 1500 50.24
Gp2_DQ631911 1500 1750 50.1
Gp2_DQ631911 1750 2000 1224.11
Gp2_DQ631911 2000 2250 62.12
Gp2_DQ631911 2250 2500 89.9
Gp2_DQ631911 2500 2750 520.42
Gp2_DQ631911 2750 3000 2018.76
Gp2_DQ631911 3000 3250 336.21
Gp2_DQ631911 3250 3500 74.18
Gp2_DQ631911 3500 3750 3871.62
Gp2_DQ631911 3750 4000 131.98
Gp2_DQ631911 4000 4250 546.35
Gp2_DQ631911 4250 4500 959.82
Gp2_DQ631911 4500 4750 1875.66
Gp2_DQ631911 4750 5000 3490.8
Gp2_DQ631911 5000 5250 9.03
Gp2_DQ631911 5250 5500 366.14
Gp2_DQ631911 5500 5750 388.41
Gp2_DQ631911 5750 6000 20220.75
Gp2_DQ631911 6000 6250 14983.54
Gp2_DQ631911 6250 6500 1953.84
Gp2_DQ631911 6500 6750 10394.13
Gp2_DQ631911 6750 7000 7796.85
Gp2_DQ631911 7000 7250 1926.1
Gp2_DQ631911 7250 7500 3028.7
Gp2_DQ631911 7500 7511 3.73
Gp3_DQ631912 0 250 1279.52
Gp3_DQ631912 250 500 151.28
Gp3_DQ631912 500 750 5722.24
Gp3_DQ631912 750 1000 3642.42
Gp3_DQ631912 1000 1250 4008.2
Gp3_DQ631912 1250 1500 8024.04
Gp3_DQ631912 1500 1750 8964.93
Gp3_DQ631912 1750 2000 5657.46
Gp3_DQ631912 2000 2250 64.03
Gp3_DQ631912 2250 2500 0.16
Gp3_DQ631912 2500 2750 3.74
Gp3_DQ631912 2750 3000 33.14
Gp3_DQ631912 3000 3250 2464.16
Gp3_DQ631912 3250 3500 8613.98
Gp3_DQ631912 3500 3750 5083.33
Gp3_DQ631912 3750 4000 16.16
Gp3_DQ631912 4000 4250 13320.65
Gp3_DQ631912 4250 4500 3287.68
Gp3_DQ631912 4500 4750 3206.09
Gp3_DQ631912 4750 5000 4462.11
Gp3_DQ631912 5000 5250 39109.44
Gp3_DQ631912 5250 5500 20196.82
Gp3_DQ631912 5500 5750 5344.0
Gp3_DQ631912 5750 6000 15.74
Gp3_DQ631912 6000 6250 0.69
Gp3_DQ631912 6250 6400 0.23
Gp4_DQ631913 0 250 2567.62
Gp4_DQ631913 250 500 8483.1
Gp4_DQ631913 500 750 15817.36
Gp4_DQ631913 750 1000 15702.01
Gp4_DQ631913 1000 1250 9809.76
Gp4_DQ631913 1250 1500 4047.88
Gp4_DQ631913 1500 1750 11926.9
Gp4_DQ631913 1750 2000 10873.8
Gp4_DQ631913 2000 2250 15203.65
Gp4_DQ631913 2250 2500 14225.76
Gp4_DQ631913 2500 2750 15852.4
Gp4_DQ631913 2750 3000 16424.03
Gp4_DQ631913 3000 3250 13350.15
Gp4_DQ631913 3250 3500 5789.44
Gp4_DQ631913 3500 3750 221.86
Gp4_DQ631913 3750 4000 965.2
Gp4_DQ631913 4000 4250 97.87
Gp4_DQ631913 4250 4500 286.94
Gp4_DQ631913 4500 4750 4255.54
Gp4_DQ631913 4750 5000 3871.71
Gp4_DQ631913 5000 5250 3696.12
Gp4_DQ631913 5250 5500 8926.56
Gp4_DQ631913 5500 5750 3606.53
Gp4_DQ631913 5750 6000 14745.46
Gp4_DQ631913 6000 6250 7012.23
Gp4_DQ631913 6250 6500 17668.79
Gp4_DQ631913 6500 6750 97.52
Gp4_DQ631913 6750 7000 90.14
Gp4_DQ631913 7000 7250 76.7
Gp4_DQ631913 7250 7500 49.19
Gp4_DQ631913 7500 7560 25.3
Gp5_DQ631914 0 250 2811.3
Gp5_DQ631914 250 500 269.18
Gp5_DQ631914 500 750 347.65
Gp5_DQ631914 750 1000 5650.84
Gp5_DQ631914 1000 1250 11306.89
Gp5_DQ631914 1250 1500 77.3
Gp5_DQ631914 1500 1750 96.37
Gp5_DQ631914 1750 2000 165.95
Gp5_DQ631914 2000 2250 51.6
Gp5_DQ631914 2250 2500 14.28
Gp5_DQ631914 2500 2750 34.5
Gp5_DQ631914 2750 3000 1071.49
Gp5_DQ631914 3000 3250 258.41
Gp5_DQ631914 3250 3500 31.72
Gp5_DQ631914 3500 3750 0.0
Gp5_DQ631914 3750 4000 0.0
Gp5_DQ631914 4000 4250 296.96
Gp5_DQ631914 4250 4500 28.22
Gp5_DQ631914 4500 4750 6971.34
Gp5_DQ631914 4750 5000 14995.14
Gp5_DQ631914 5000 5250 59257.0
Gp5_DQ631914 5250 5500 3608.2
Gp5_DQ631914 5500 5750 10414.94
Gp5_DQ631914 5750 6000 10973.89
Gp5_DQ631914 6000 6250 16806.82
Gp5_DQ631914 6250 6500 507.01
Gp5_DQ631914 6500 6750 30.9
Gp5_DQ631914 6750 7000 30.01
Gp5_DQ631914 7000 7250 1900.14
Gp5_DQ631914 7250 7472 1016.93
Gr1_EF193005 0 250 1.87
Gr1_EF193005 250 500 2766.68
Gr1_EF193005 500 750 4.29
Gr1_EF193005 750 1000 2.58
Gr1_EF193005 1000 1250 0.16
Gr1_EF193005 1250 1500 3.62
Gr1_EF193005 1500 1750 44.4
Gr1_EF193005 1750 2000 0.0
Gr1_EF193005 2000 2250 0.0
Gr1_EF193005 2250 2500 41.99
Gr1_EF193005 2500 2750 8.38
Gr1_EF193005 2750 3000 0.0
Gr1_EF193005 3000 3250 11.96
Gr1_EF193005 3250 3500 0.86
Gr1_EF193005 3500 3750 0.0
Gr1_EF193005 3750 4000 417.38
Gr1_EF193005 4000 4250 0.0
Gr1_EF193005 4250 4500 12.56
Gr1_EF193005 4500 4750 0.0
Gr1_EF193005 4750 5000 0.0
Gr1_EF193005 5000 5250 0.0
Gr1_EF193005 5250 5500 0.0
Gr1_EF193005 5500 5750 0.0
Gr1_EF193005 5750 6000 3.81
Gr1_EF193005 6000 6250 0.28
Gr1_EF193005 6250 6500 0.0
Gr1_EF193005 6500 6750 0.0
Gr1_EF193005 6750 7000 0.0
Gr1_EF193005 7000 7250 14.7
Gr1_EF193005 7250 7500 0.0
Gr1_EF193005 7500 7750 0.0
Gr1_EF193005 7750 8000 0.0
Gr1_EF193005 8000 8250 0.0
Gr1_EF193005 8250 8500 0.0
Gr1_EF193005 8500 8750 0.0
Gr1_EF193005 8750 9000 0.0
Gr1_EF193005 9000 9210 0.0
Gr2_EF462976 0 250 3927.66
Gr2_EF462976 250 500 5803.3
Gr2_EF462976 500 750 5656.22
Gr2_EF462976 750 1000 5010.71
Gr2_EF462976 1000 1250 5496.22
Gr2_EF462976 1250 1500 7763.32
Gr2_EF462976 1500 1750 1699.53
Gr2_EF462976 1750 2000 73.12
Gr2_EF462976 2000 2250 115.66
Gr2_EF462976 2250 2500 169.61
Gr2_EF462976 2500 2750 137.45
Gr2_EF462976 2750 3000 69.12
Gr2_EF462976 3000 3250 60.61
Gr2_EF462976 3250 3500 2896.42
Gr2_EF462976 3500 3750 4563.88
Gr2_EF462976 3750 4000 236.65
Gr2_EF462976 4000 4250 1513.58
Gr2_EF462976 4250 4500 21918.3
Gr2_EF462976 4500 4750 11944.94
Gr2_EF462976 4750 5000 2010.26
Gr2_EF462976 5000 5250 10977.36
Gr2_EF462976 5250 5500 18131.96
Gr2_EF462976 5500 5750 7472.68
Gr2_EF462976 5750 6000 2767.84
Gr2_EF462976 6000 6250 32.31
Gr2_EF462976 6250 6500 40.7
Gr2_EF462976 6500 6604 48.07
Gr3_EF462977 0 250 1897.85
Gr3_EF462977 250 500 2042.1
Gr3_EF462977 500 750 1545.07
Gr3_EF462977 750 1000 1117.18
Gr3_EF462977 1000 1250 17.5
Gr3_EF462977 1250 1500 102.64
Gr3_EF462977 1500 1750 831.13
Gr3_EF462977 1750 2000 2415.24
Gr3_EF462977 2000 2250 2984.62
Gr3_EF462977 2250 2500 452.69
Gr3_EF462977 2500 2750 262.58
Gr3_EF462977 2750 3000 1859.72
Gr3_EF462977 3000 3192 4079.75
Gr4_EF462978 0 250 3282.98
Gr4_EF462978 250 500 95.38
Gr4_EF462978 500 750 79.12
Gr4_EF462978 750 1000 102.88
Gr4_EF462978 1000 1250 1201.84
Gr4_EF462978 1250 1500 2506.18
Gr4_EF462978 1500 1750 9139.44
Gr4_EF462978 1750 2000 16192.64
Gr4_EF462978 2000 2250 16729.4
Gr4_EF462978 2250 2500 21911.75
Gr4_EF462978 2500 2750 21866.9
Gr4_EF462978 2750 3000 4882.28
Gr4_EF462978 3000 3250 13109.21
Gr4_EF462978 3250 3500 15399.74
Gr4_EF462978 3500 3750 14271.82
Gr4_EF462978 3750 4000 15689.64
Gr4_EF462978 4000 4250 16584.16
Gr4_EF462978 4250 4500 13300.34
Gr4_EF462978 4500 4750 10971.61
Gr4_EF462978 4750 5000 321.66
Gr4_EF462978 5000 5250 829.23
Gr4_EF462978 5250 5500 125.51
Gr4_EF462978 5500 5750 272.6
Gr4_EF462978 5750 6000 737.21
Gr4_EF462978 6000 6010 1588.3
Gr5_EF462979 0 250 327.32
Gr5_EF462979 250 500 53.95
Gr5_EF462979 500 750 45.3
Gr5_EF462979 750 1000 1878.91
Gr5_EF462979 1000 1250 3210.92
Gr5_EF462979 1250 1500 9484.81
Gr5_EF462979 1500 1750 267.07
Gr5_EF462979 1750 2000 457.34
Gr5_EF462979 2000 2250 4636.04
Gr5_EF462979 2250 2500 11729.73
Gr5_EF462979 2500 2750 573.36
Gr5_EF462979 2750 3000 91.64
Gr5_EF462979 3000 3250 124.34
Gr5_EF462979 3250 3500 75.42
Gr5_EF462979 3500 3750 51.03
Gr5_EF462979 3750 4000 28.73
Gr5_EF462979 4000 4250 1040.5
Gr5_EF462979 4250 4500 266.42
Gr5_EF462979 4500 4750 21.68
Gr5_EF462979 4750 5000 107.1
Gr5_EF462979 5000 5250 241.87
Gr5_EF462979 5250 5480 336.64
Gr6_EF462980 0 250 146.13
Gr6_EF462980 250 500 188.86
Gr6_EF462980 500 750 36.97
Gr6_EF462980 750 1000 26.79
Gr6_EF462980 1000 1250 36.9
Gr6_EF462980 1250 1500 36.71
Gr6_EF462980 1500 1750 1209.67
Gr6_EF462980 1750 2000 1623.2
Gr6_EF462980 2000 2250 1656.84
Gr6_EF462980 2250 2500 4695.27
Gr6_EF462980 2500 2750 909.95
Gr6_EF462980 2750 3000 31.87
Gr6_EF462980 3000 3250 248.06
Gr6_EF462980 3250 3500 4572.6
Gr6_EF462980 3500 3750 2238.24
Gr6_EF462980 3750 4000 35.45
Gr6_EF462980 4000 4250 794.37
Gr6_EF462980 4250 4500 556.18
Gr6_EF462980 4500 4750 1306.46
Gr6_EF462980 4750 5000 3100.82
Gr6_EF462980 5000 5250 20315.44
Gr6_EF462980 5250 5500 1333.25
Gr6_EF462980 5500 5750 50.48
Gr6_EF462980 5750 5797 117.15
Gr7_EF462981 0 250 919.1
Gr7_EF462981 250 500 2618.0
Gr7_EF462981 500 750 635.56
Gr7_EF462981 750 1000 99.0
Gr7_EF462981 1000 1250 113.25
Gr7_EF462981 1250 1500 78.51
Gr7_EF462981 1500 1750 92.85
Gr7_EF462981 1750 2000 9132.5
Gr7_EF462981 2000 2250 4610.94
Gr7_EF462981 2250 2500 6742.94
Gr7_EF462981 2500 2750 6794.84
Gr7_EF462981 2750 3000 1485.03
Gr7_EF462981 3000 3250 7974.78
Gr7_EF462981 3250 3500 5998.4
Gr7_EF462981 3500 3750 9617.94
Gr7_EF462981 3750 4000 6723.94
Gr7_EF462981 4000 4250 1062.82
Gr7_EF462981 4250 4500 21823.16
Gr7_EF462981 4500 4750 1335.23
Gr7_EF462981 4750 5000 20212.62
Gr7_EF462981 5000 5250 11765.38
Gr7_EF462981 5250 5308 381.26
