Gr1_EF193005 0 250 1.32
Gr1_EF193005 250 500 1952.44
Gr1_EF193005 500 750 3.03
Gr1_EF193005 750 1000 1.82
Gr1_EF193005 1000 1250 0.12
Gr1_EF193005 1250 1500 2.56
Gr1_EF193005 1500 1750 31.33
Gr1_EF193005 1750 2000 0.0
Gr1_EF193005 2000 2250 0.0
Gr1_EF193005 2250 2500 29.63
Gr1_EF193005 2500 2750 5.92
Gr1_EF193005 2750 3000 0.0
Gr1_EF193005 3000 3250 8.44
Gr1_EF193005 3250 3500 0.61
Gr1_EF193005 3500 3750 0.0
Gr1_EF193005 3750 4000 294.55
Gr1_EF193005 4000 4250 0.0
Gr1_EF193005 4250 4500 8.86
Gr1_EF193005 4500 4750 0.0
Gr1_EF193005 4750 5000 0.0
Gr1_EF193005 5000 5250 0.0
Gr1_EF193005 5250 5500 0.0
Gr1_EF193005 5500 5750 0.0
Gr1_EF193005 5750 6000 2.69
Gr1_EF193005 6000 6250 0.19
Gr1_EF193005 6250 6500 0.0
Gr1_EF193005 6500 6750 0.0
Gr1_EF193005 6750 7000 0.0
Gr1_EF193005 7000 7250 10.37
Gr1_EF193005 7250 7500 0.0
Gr1_EF193005 7500 7750 0.0
Gr1_EF193005 7750 8000 0.0
Gr1_EF193005 8000 8250 0.0
Gr1_EF193005 8250 8500 0.0
Gr1_EF193005 8500 8750 0.0
Gr1_EF193005 8750 9000 0.0
Gr1_EF193005 9000 9210 0.0
Gr2_EF462976 0 250 2771.75
Gr2_EF462976 250 500 4095.39
Gr2_EF462976 500 750 3991.6
Gr2_EF462976 750 1000 3536.06
Gr2_EF462976 1000 1250 3878.68
Gr2_EF462976 1250 1500 5478.58
Gr2_EF462976 1500 1750 1199.36
Gr2_EF462976 1750 2000 51.6
Gr2_EF462976 2000 2250 81.62
Gr2_EF462976 2250 2500 119.69
Gr2_EF462976 2500 2750 97.0
Gr2_EF462976 2750 3000 48.78
Gr2_EF462976 3000 3250 42.77
Gr2_EF462976 3250 3500 2044.0
Gr2_EF462976 3500 3750 3220.73
Gr2_EF462976 3750 4000 167.01
Gr2_EF462976 4000 4250 1068.14
Gr2_EF462976 4250 4500 15467.74
Gr2_EF462976 4500 4750 8429.54
Gr2_EF462976 4750 5000 1418.64
Gr2_EF462976 5000 5250 7746.72
Gr2_EF462976 5250 5500 12795.73
Gr2_EF462976 5500 5750 5273.47
Gr2_EF462976 5750 6000 1953.26
Gr2_EF462976 6000 6250 22.8
Gr2_EF462976 6250 6500 28.72
Gr2_EF462976 6500 6604 33.92
Gr3_EF462977 0 250 1339.31
Gr3_EF462977 250 500 1441.11
Gr3_EF462977 500 750 1090.36
Gr3_EF462977 750 1000 788.39
Gr3_EF462977 1000 1250 12.35
Gr3_EF462977 1250 1500 72.43
Gr3_EF462977 1500 1750 586.53
Gr3_EF462977 1750 2000 1704.44
Gr3_EF462977 2000 2250 2106.24
Gr3_EF462977 2250 2500 319.46
Gr3_EF462977 2500 2750 185.3
Gr3_EF462977 2750 3000 1312.4
Gr3_EF462977 3000 3192 2879.08
Gr4_EF462978 0 250 2316.8
Gr4_EF462978 250 500 67.31
Gr4_EF462978 500 750 55.83
Gr4_EF462978 750 1000 72.6
Gr4_EF462978 1000 1250 848.14
Gr4_EF462978 1250 1500 1768.61
Gr4_EF462978 1500 1750 6449.71
Gr4_EF462978 1750 2000 11427.15
Gr4_EF462978 2000 2250 11805.94
Gr4_EF462978 2250 2500 15463.12
Gr4_EF462978 2500 2750 15431.47
Gr4_EF462978 2750 3000 3445.42
Gr4_EF462978 3000 3250 9251.17
Gr4_EF462978 3250 3500 10867.6
Gr4_EF462978 3500 3750 10071.63
Gr4_EF462978 3750 4000 11072.18
Gr4_EF462978 4000 4250 11703.44
Gr4_EF462978 4250 4500 9386.05
Gr4_EF462978 4500 4750 7742.67
Gr4_EF462978 4750 5000 227.0
Gr4_EF462978 5000 5250 585.19
Gr4_EF462978 5250 5500 88.57
Gr4_EF462978 5500 5750 192.37
Gr4_EF462978 5750 6000 520.25
Gr4_EF462978 6000 6010 1120.86
Gr5_EF462979 0 250 230.99
Gr5_EF462979 250 500 38.07
Gr5_EF462979 500 750 31.97
Gr5_EF462979 750 1000 1325.95
Gr5_EF462979 1000 1250 2265.95
Gr5_EF462979 1250 1500 6693.43
Gr5_EF462979 1500 1750 188.47
Gr5_EF462979 1750 2000 322.75
Gr5_EF462979 2000 2250 3271.65
Gr5_EF462979 2250 2500 8277.67
Gr5_EF462979 2500 2750 404.62
Gr5_EF462979 2750 3000 64.67
Gr5_EF462979 3000 3250 87.75
Gr5_EF462979 3250 3500 53.22
Gr5_EF462979 3500 3750 36.01
Gr5_EF462979 3750 4000 20.28
Gr5_EF462979 4000 4250 734.28
Gr5_EF462979 4250 4500 188.01
Gr5_EF462979 4500 4750 15.3
Gr5_EF462979 4750 5000 75.58
Gr5_EF462979 5000 5250 170.69
Gr5_EF462979 5250 5480 237.57
Gr6_EF462980 0 250 103.12
Gr6_EF462980 250 500 133.28
Gr6_EF462980 500 750 26.09
Gr6_EF462980 750 1000 18.91
Gr6_EF462980 1000 1250 26.04
Gr6_EF462980 1250 1500 25.91
Gr6_EF462980 1500 1750 853.66
Gr6_EF462980 1750 2000 1145.49
Gr6_EF462980 2000 2250 1169.23
Gr6_EF462980 2250 2500 3313.45
Gr6_EF462980 2500 2750 642.15
Gr6_EF462980 2750 3000 22.49
Gr6_EF462980 3000 3250 175.06
Gr6_EF462980 3250 3500 3226.89
Gr6_EF462980 3500 3750 1579.53
Gr6_EF462980 3750 4000 25.02
Gr6_EF462980 4000 4250 560.59
Gr6_EF462980 4250 4500 392.49
Gr6_EF462980 4500 4750 921.97
Gr6_EF462980 4750 5000 2188.25
Gr6_EF462980 5000 5250 14336.61
Gr6_EF462980 5250 5500 940.88
Gr6_EF462980 5500 5750 35.62
Gr6_EF462980 5750 5797 82.67
Gr7_EF462981 0 250 648.61
Gr7_EF462981 250 500 1847.53
Gr7_EF462981 500 750 448.51
Gr7_EF462981 750 1000 69.86
Gr7_EF462981 1000 1250 79.92
Gr7_EF462981 1250 1500 55.4
Gr7_EF462981 1500 1750 65.53
Gr7_EF462981 1750 2000 6444.8
Gr7_EF462981 2000 2250 3253.94
Gr7_EF462981 2250 2500 4758.49
Gr7_EF462981 2500 2750 4795.12
Gr7_EF462981 2750 3000 1047.98
Gr7_EF462981 3000 3250 5627.81
Gr7_EF462981 3250 3500 4233.07
Gr7_EF462981 3500 3750 6787.38
Gr7_EF462981 3750 4000 4745.08
Gr7_EF462981 4000 4250 750.03
Gr7_EF462981 4250 4500 15400.6
Gr7_EF462981 4500 4750 942.27
Gr7_EF462981 4750 5000 14264.05
Gr7_EF462981 5000 5250 8302.83
Gr7_EF462981 5250 5308 269.05
