Gp1_AJ249395 0 250 2749.11
Gp1_AJ249395 250 500 946.26
Gp1_AJ249395 500 750 1226.24
Gp1_AJ249395 750 1000 2031.09
Gp1_AJ249395 1000 1250 2171.22
Gp1_AJ249395 1250 1500 6348.11
Gp1_AJ249395 1500 1750 1999.75
Gp1_AJ249395 1750 2000 1833.26
Gp1_AJ249395 2000 2250 2770.61
Gp1_AJ249395 2250 2500 755.01
Gp1_AJ249395 2500 2750 1419.92
Gp1_AJ249395 2750 3000 1132.51
Gp1_AJ249395 3000 3250 2410.72
Gp1_AJ249395 3250 3500 1393.07
Gp1_AJ249395 3500 3750 3783.76
Gp1_AJ249395 3750 4000 1130.46
Gp1_AJ249395 4000 4250 1044.27
Gp1_AJ249395 4250 4500 992.18
Gp1_AJ249395 4500 4750 1584.37
Gp1_AJ249395 4750 5000 585.9
Gp1_AJ249395 5000 5250 899.06
Gp1_AJ249395 5250 5500 223.85
Gp1_AJ249395 5500 5750 329.55
Gp1_AJ249395 5750 6000 615.11
Gp1_AJ249395 6000 6250 338.27
Gp1_AJ249395 6250 6500 400.19
Gp1_AJ249395 6500 6750 427.96
Gp1_AJ249395 6750 7000 739.44
Gp1_AJ249395 7000 7250 602.35
Gp1_AJ249395 7250 7500 2136.03
Gp1_AJ249395 7500 7750 1995.34
Gp1_AJ249395 7750 8000 4099.03
Gp1_AJ249395 8000 8250 3943.91
Gp1_AJ249395 8250 8500 4738.36
Gp1_AJ249395 8500 8750 5107.99
Gp1_AJ249395 8750 9000 4329.31
Gp1_AJ249395 9000 9250 5302.29
Gp1_AJ249395 9250 9428 2353.67
Gp2_DQ631911 0 250 1670.99
Gp2_DQ631911 250 500 2054.84
Gp2_DQ631911 500 750 4535.74
Gp2_DQ631911 750 1000 4830.63
Gp2_DQ631911 1000 1250 7671.63
Gp2_DQ631911 1250 1500 2943.71
Gp2_DQ631911 1500 1750 7032.36
Gp2_DQ631911 1750 2000 7204.58
Gp2_DQ631911 2000 2250 5628.13
Gp2_DQ631911 2250 2500 7137.05
Gp2_DQ631911 2500 2750 6309.32
Gp2_DQ631911 2750 3000 7075.75
Gp2_DQ631911 3000 3250 4658.05
Gp2_DQ631911 3250 3500 5308.23
Gp2_DQ631911 3500 3750 6031.89
Gp2_DQ631911 3750 4000 1939.92
Gp2_DQ631911 4000 4250 4054.12
Gp2_DQ631911 4250 4500 4014.62
Gp2_DQ631911 4500 4750 4791.43
Gp2_DQ631911 4750 5000 6464.08
Gp2_DQ631911 5000 5250 2946.62
Gp2_DQ631911 5250 5500 3653.62
Gp2_DQ631911 5500 5750 2185.01
Gp2_DQ631911 5750 6000 7834.52
Gp2_DQ631911 6000 6250 3577.84
Gp2_DQ631911 6250 6500 17730.11
Gp2_DQ631911 6500 6750 7412.07
Gp2_DQ631911 6750 7000 7535.44
Gp2_DQ631911 7000 7250 4331.92
Gp2_DQ631911 7250 7500 7214.01
Gp2_DQ631911 7500 7511 973.07
Gp3_DQ631912 0 250 720.43
Gp3_DQ631912 250 500 1088.99
Gp3_DQ631912 500 750 3073.16
Gp3_DQ631912 750 1000 915.25
Gp3_DQ631912 1000 1250 593.4
Gp3_DQ631912 1250 1500 897.98
Gp3_DQ631912 1500 1750 1160.1
Gp3_DQ631912 1750 2000 782.34
Gp3_DQ631912 2000 2250 1024.25
Gp3_DQ631912 2250 2500 500.8
Gp3_DQ631912 2500 2750 389.09
Gp3_DQ631912 2750 3000 430.22
Gp3_DQ631912 3000 3250 824.15
Gp3_DQ631912 3250 3500 433.54
Gp3_DQ631912 3500 3750 637.11
Gp3_DQ631912 3750 4000 385.6
Gp3_DQ631912 4000 4250 2541.17
Gp3_DQ631912 4250 4500 2117.99
Gp3_DQ631912 4500 4750 766.02
Gp3_DQ631912 4750 5000 4639.65
Gp3_DQ631912 5000 5250 4168.73
Gp3_DQ631912 5250 5500 3082.81
Gp3_DQ631912 5500 5750 4405.4
Gp3_DQ631912 5750 6000 515.39
Gp3_DQ631912 6000 6250 108.02
Gp3_DQ631912 6250 6400 0.0
Gp4_DQ631913 0 250 9905.8
Gp4_DQ631913 250 500 13216.06
Gp4_DQ631913 500 750 14172.65
Gp4_DQ631913 750 1000 14349.08
Gp4_DQ631913 1000 1250 8925.06
Gp4_DQ631913 1250 1500 5541.84
Gp4_DQ631913 1500 1750 19958.88
Gp4_DQ631913 1750 2000 12748.3
Gp4_DQ631913 2000 2250 14356.35
Gp4_DQ631913 2250 2500 14829.31
Gp4_DQ631913 2500 2750 14614.64
Gp4_DQ631913 2750 3000 14841.67
Gp4_DQ631913 3000 3250 13840.85
Gp4_DQ631913 3250 3500 6552.0
Gp4_DQ631913 3500 3750 10292.77
Gp4_DQ631913 3750 4000 15822.11
Gp4_DQ631913 4000 4250 10600.63
Gp4_DQ631913 4250 4500 9209.69
Gp4_DQ631913 4500 4750 6753.98
Gp4_DQ631913 4750 5000 18214.52
Gp4_DQ631913 5000 5250 5258.51
Gp4_DQ631913 5250 5500 20233.13
Gp4_DQ631913 5500 5750 17665.82
Gp4_DQ631913 5750 6000 19061.79
Gp4_DQ631913 6000 6250 17557.55
Gp4_DQ631913 6250 6500 13459.84
Gp4_DQ631913 6500 6750 15003.87
Gp4_DQ631913 6750 7000 13751.29
Gp4_DQ631913 7000 7250 11793.57
Gp4_DQ631913 7250 7500 7397.72
Gp4_DQ631913 7500 7560 3282.54
Gp5_DQ631914 0 250 1982.23
Gp5_DQ631914 250 500 2419.92
Gp5_DQ631914 500 750 3082.42
Gp5_DQ631914 750 1000 2948.28
Gp5_DQ631914 1000 1250 2473.12
Gp5_DQ631914 1250 1500 2307.13
Gp5_DQ631914 1500 1750 2340.78
Gp5_DQ631914 1750 2000 2040.77
Gp5_DQ631914 2000 2250 2585.49
Gp5_DQ631914 2250 2500 806.83
Gp5_DQ631914 2500 2750 2203.87
Gp5_DQ631914 2750 3000 3516.21
Gp5_DQ631914 3000 3250 2377.33
Gp5_DQ631914 3250 3500 2220.36
Gp5_DQ631914 3500 3750 0.0
Gp5_DQ631914 3750 4000 0.0
Gp5_DQ631914 4000 4250 1336.34
Gp5_DQ631914 4250 4500 2880.48
Gp5_DQ631914 4500 4750 4550.82
Gp5_DQ631914 4750 5000 11747.31
Gp5_DQ631914 5000 5250 17406.59
Gp5_DQ631914 5250 5500 7144.58
Gp5_DQ631914 5500 5750 7477.34
Gp5_DQ631914 5750 6000 11565.19
Gp5_DQ631914 6000 6250 16396.21
Gp5_DQ631914 6250 6500 1176.37
Gp5_DQ631914 6500 6750 3235.1
Gp5_DQ631914 6750 7000 2737.55
Gp5_DQ631914 7000 7250 3218.11
Gp5_DQ631914 7250 7472 2846.58
Gr1_EF193005 0 250 3.75
Gr1_EF193005 250 500 3.32
Gr1_EF193005 500 750 1.84
Gr1_EF193005 750 1000 3.02
Gr1_EF193005 1000 1250 2.0
Gr1_EF193005 1250 1500 1.8
Gr1_EF193005 1500 1750 1.52
Gr1_EF193005 1750 2000 0.79
Gr1_EF193005 2000 2250 1.95
Gr1_EF193005 2250 2500 2.5
Gr1_EF193005 2500 2750 1.0
Gr1_EF193005 2750 3000 0.28
Gr1_EF193005 3000 3250 4.49
Gr1_EF193005 3250 3500 0.78
Gr1_EF193005 3500 3750 0.57
Gr1_EF193005 3750 4000 3.75
Gr1_EF193005 4000 4250 1.55
Gr1_EF193005 4250 4500 8.44
Gr1_EF193005 4500 4750 0.88
Gr1_EF193005 4750 5000 1.06
Gr1_EF193005 5000 5250 0.9
Gr1_EF193005 5250 5500 0.44
Gr1_EF193005 5500 5750 1.11
Gr1_EF193005 5750 6000 13.89
Gr1_EF193005 6000 6250 8.28
Gr1_EF193005 6250 6500 8.05
Gr1_EF193005 6500 6750 3.78
Gr1_EF193005 6750 7000 2.1
Gr1_EF193005 7000 7250 3.34
Gr1_EF193005 7250 7500 3.68
Gr1_EF193005 7500 7750 1.1
Gr1_EF193005 7750 8000 0.56
Gr1_EF193005 8000 8250 0.18
Gr1_EF193005 8250 8500 1.01
Gr1_EF193005 8500 8750 1.57
Gr1_EF193005 8750 9000 2.0
Gr1_EF193005 9000 9210 2.27
Gr2_EF462976 0 250 5003.65
Gr2_EF462976 250 500 4567.17
Gr2_EF462976 500 750 3098.76
Gr2_EF462976 750 1000 4722.75
Gr2_EF462976 1000 1250 6388.34
Gr2_EF462976 1250 1500 6114.83
Gr2_EF462976 1500 1750 6127.67
Gr2_EF462976 1750 2000 6758.1
Gr2_EF462976 2000 2250 6355.33
Gr2_EF462976 2250 2500 5695.34
Gr2_EF462976 2500 2750 7823.76
Gr2_EF462976 2750 3000 7644.1
Gr2_EF462976 3000 3250 6341.9
Gr2_EF462976 3250 3500 6759.61
Gr2_EF462976 3500 3750 7150.89
Gr2_EF462976 3750 4000 5848.56
Gr2_EF462976 4000 4250 4868.4
Gr2_EF462976 4250 4500 14055.91
Gr2_EF462976 4500 4750 21830.28
Gr2_EF462976 4750 5000 12717.65
Gr2_EF462976 5000 5250 10876.86
Gr2_EF462976 5250 5500 18275.52
Gr2_EF462976 5500 5750 17721.4
Gr2_EF462976 5750 6000 8293.06
Gr2_EF462976 6000 6250 3028.29
Gr2_EF462976 6250 6500 4234.51
Gr2_EF462976 6500 6604 4985.7
Gr3_EF462977 0 250 4264.28
Gr3_EF462977 250 500 3805.42
Gr3_EF462977 500 750 4688.03
Gr3_EF462977 750 1000 3311.65
Gr3_EF462977 1000 1250 1368.9
Gr3_EF462977 1250 1500 3781.5
Gr3_EF462977 1500 1750 4484.89
Gr3_EF462977 1750 2000 5081.73
Gr3_EF462977 2000 2250 5650.46
Gr3_EF462977 2250 2500 4820.65
Gr3_EF462977 2500 2750 5156.61
Gr3_EF462977 2750 3000 4707.24
Gr3_EF462977 3000 3192 3319.86
Gr4_EF462978 0 250 10361.26
Gr4_EF462978 250 500 14302.72
Gr4_EF462978 500 750 13313.41
Gr4_EF462978 750 1000 16878.35
Gr4_EF462978 1000 1250 15943.84
Gr4_EF462978 1250 1500 14284.4
Gr4_EF462978 1500 1750 13424.13
Gr4_EF462978 1750 2000 14216.25
Gr4_EF462978 2000 2250 15209.97
Gr4_EF462978 2250 2500 20255.97
Gr4_EF462978 2500 2750 23471.01
Gr4_EF462978 2750 3000 10187.62
Gr4_EF462978 3000 3250 15105.11
Gr4_EF462978 3250 3500 14062.71
Gr4_EF462978 3500 3750 14820.72
Gr4_EF462978 3750 4000 14565.25
Gr4_EF462978 4000 4250 14968.7
Gr4_EF462978 4250 4500 13842.31
Gr4_EF462978 4500 4750 20400.65
Gr4_EF462978 4750 5000 12854.23
Gr4_EF462978 5000 5250 6812.81
Gr4_EF462978 5250 5500 10503.95
Gr4_EF462978 5500 5750 10491.52
Gr4_EF462978 5750 6000 12050.05
Gr4_EF462978 6000 6010 502.67
Gr5_EF462979 0 250 3810.44
Gr5_EF462979 250 500 4889.51
Gr5_EF462979 500 750 4750.91
Gr5_EF462979 750 1000 3302.62
Gr5_EF462979 1000 1250 2045.95
Gr5_EF462979 1250 1500 3261.81
Gr5_EF462979 1500 1750 2396.24
Gr5_EF462979 1750 2000 2222.56
Gr5_EF462979 2000 2250 1949.53
Gr5_EF462979 2250 2500 2386.4
Gr5_EF462979 2500 2750 2287.86
Gr5_EF462979 2750 3000 2343.94
Gr5_EF462979 3000 3250 2114.18
Gr5_EF462979 3250 3500 1428.29
Gr5_EF462979 3500 3750 3463.98
Gr5_EF462979 3750 4000 2002.56
Gr5_EF462979 4000 4250 1911.48
Gr5_EF462979 4250 4500 2394.3
Gr5_EF462979 4500 4750 2111.49
Gr5_EF462979 4750 5000 5162.5
Gr5_EF462979 5000 5250 3147.41
Gr5_EF462979 5250 5480 2088.4
Gr6_EF462980 0 250 4967.39
Gr6_EF462980 250 500 7721.24
Gr6_EF462980 500 750 6059.98
Gr6_EF462980 750 1000 5222.41
Gr6_EF462980 1000 1250 5499.25
Gr6_EF462980 1250 1500 6018.78
Gr6_EF462980 1500 1750 6807.2
Gr6_EF462980 1750 2000 6942.58
Gr6_EF462980 2000 2250 6830.13
Gr6_EF462980 2250 2500 6858.21
Gr6_EF462980 2500 2750 6331.49
Gr6_EF462980 2750 3000 5700.93
Gr6_EF462980 3000 3250 5166.55
Gr6_EF462980 3250 3500 4939.73
Gr6_EF462980 3500 3750 4735.99
Gr6_EF462980 3750 4000 5517.26
Gr6_EF462980 4000 4250 5460.77
Gr6_EF462980 4250 4500 5233.34
Gr6_EF462980 4500 4750 5369.11
Gr6_EF462980 4750 5000 5190.32
Gr6_EF462980 5000 5250 8407.63
Gr6_EF462980 5250 5500 7105.7
Gr6_EF462980 5500 5750 4752.89
Gr6_EF462980 5750 5797 1309.88
Gr7_EF462981 0 250 15892.87
Gr7_EF462981 250 500 20056.15
Gr7_EF462981 500 750 19856.63
Gr7_EF462981 750 1000 15348.99
Gr7_EF462981 1000 1250 17267.0
Gr7_EF462981 1250 1500 12475.29
Gr7_EF462981 1500 1750 15137.7
Gr7_EF462981 1750 2000 15722.7
Gr7_EF462981 2000 2250 13267.81
Gr7_EF462981 2250 2500 14779.39
Gr7_EF462981 2500 2750 14796.56
Gr7_EF462981 2750 3000 14510.38
Gr7_EF462981 3000 3250 13513.42
Gr7_EF462981 3250 3500 11365.37
Gr7_EF462981 3500 3750 10359.89
Gr7_EF462981 3750 4000 12604.61
Gr7_EF462981 4000 4250 14061.14
Gr7_EF462981 4250 4500 14186.65
Gr7_EF462981 4500 4750 12887.32
Gr7_EF462981 4750 5000 13503.58
Gr7_EF462981 5000 5250 9494.21
Gr7_EF462981 5250 5308 111.43
