Gr1_EF193005 0 250 0.11
Gr1_EF193005 250 500 3.08
Gr1_EF193005 500 750 0.08
Gr1_EF193005 750 1000 0.36
Gr1_EF193005 1000 1250 0.15
Gr1_EF193005 1250 1500 0.18
Gr1_EF193005 1500 1750 0.0
Gr1_EF193005 1750 2000 0.0
Gr1_EF193005 2000 2250 0.0
Gr1_EF193005 2250 2500 0.0
Gr1_EF193005 2500 2750 0.0
Gr1_EF193005 2750 3000 0.0
Gr1_EF193005 3000 3250 7.26
Gr1_EF193005 3250 3500 0.31
Gr1_EF193005 3500 3750 0.0
Gr1_EF193005 3750 4000 0.0
Gr1_EF193005 4000 4250 0.0
Gr1_EF193005 4250 4500 0.79
Gr1_EF193005 4500 4750 0.0
Gr1_EF193005 4750 5000 0.0
Gr1_EF193005 5000 5250 0.0
Gr1_EF193005 5250 5500 0.0
Gr1_EF193005 5500 5750 0.0
Gr1_EF193005 5750 6000 15.8
Gr1_EF193005 6000 6250 0.0
Gr1_EF193005 6250 6500 0.0
Gr1_EF193005 6500 6750 0.0
Gr1_EF193005 6750 7000 0.0
Gr1_EF193005 7000 7250 0.0
Gr1_EF193005 7250 7500 0.0
Gr1_EF193005 7500 7750 0.0
Gr1_EF193005 7750 8000 0.0
Gr1_EF193005 8000 8250 0.0
Gr1_EF193005 8250 8500 0.0
Gr1_EF193005 8500 8750 0.0
Gr1_EF193005 8750 9000 0.0
Gr1_EF193005 9000 9210 0.0
Gr2_EF462976 0 250 11050.78
Gr2_EF462976 250 500 10033.8
Gr2_EF462976 500 750 6619.41
Gr2_EF462976 750 1000 9976.4
Gr2_EF462976 1000 1250 13514.56
Gr2_EF462976 1250 1500 13207.14
Gr2_EF462976 1500 1750 13143.56
Gr2_EF462976 1750 2000 13992.72
Gr2_EF462976 2000 2250 13018.62
Gr2_EF462976 2250 2500 11864.98
Gr2_EF462976 2500 2750 13502.28
Gr2_EF462976 2750 3000 14669.73
Gr2_EF462976 3000 3250 13250.33
Gr2_EF462976 3250 3500 14043.01
Gr2_EF462976 3500 3750 14494.78
Gr2_EF462976 3750 4000 12006.78
Gr2_EF462976 4000 4250 10105.98
Gr2_EF462976 4250 4500 28297.48
Gr2_EF462976 4500 4750 45340.05
Gr2_EF462976 4750 5000 27347.38
Gr2_EF462976 5000 5250 22482.84
Gr2_EF462976 5250 5500 39096.43
Gr2_EF462976 5500 5750 36063.45
Gr2_EF462976 5750 6000 16997.44
Gr2_EF462976 6000 6250 6559.75
Gr2_EF462976 6250 6500 9602.32
Gr2_EF462976 6500 6604 10804.68
Gr3_EF462977 0 250 9993.57
Gr3_EF462977 250 500 9511.24
Gr3_EF462977 500 750 10547.08
Gr3_EF462977 750 1000 7822.67
Gr3_EF462977 1000 1250 3255.1
Gr3_EF462977 1250 1500 9273.88
Gr3_EF462977 1500 1750 10651.47
Gr3_EF462977 1750 2000 9762.3
Gr3_EF462977 2000 2250 10448.46
Gr3_EF462977 2250 2500 9467.32
Gr3_EF462977 2500 2750 10842.41
Gr3_EF462977 2750 3000 9982.96
Gr3_EF462977 3000 3192 7347.42
Gr4_EF462978 0 250 14231.77
Gr4_EF462978 250 500 22315.06
Gr4_EF462978 500 750 21587.7
Gr4_EF462978 750 1000 27971.92
Gr4_EF462978 1000 1250 26056.69
Gr4_EF462978 1250 1500 22158.29
Gr4_EF462978 1500 1750 21737.85
Gr4_EF462978 1750 2000 23576.77
Gr4_EF462978 2000 2250 25358.23
Gr4_EF462978 2250 2500 33450.17
Gr4_EF462978 2500 2750 37387.08
Gr4_EF462978 2750 3000 15876.16
Gr4_EF462978 3000 3250 23461.36
Gr4_EF462978 3250 3500 23175.46
Gr4_EF462978 3500 3750 24447.83
Gr4_EF462978 3750 4000 23458.31
Gr4_EF462978 4000 4250 23956.26
Gr4_EF462978 4250 4500 22149.77
Gr4_EF462978 4500 4750 34606.69
Gr4_EF462978 4750 5000 21488.39
Gr4_EF462978 5000 5250 11164.78
Gr4_EF462978 5250 5500 17649.16
Gr4_EF462978 5500 5750 18092.13
Gr4_EF462978 5750 6000 21385.7
Gr4_EF462978 6000 6010 840.2
Gr5_EF462979 0 250 8534.16
Gr5_EF462979 250 500 10076.82
Gr5_EF462979 500 750 9682.07
Gr5_EF462979 750 1000 6866.11
Gr5_EF462979 1000 1250 4542.55
Gr5_EF462979 1250 1500 7621.42
Gr5_EF462979 1500 1750 5579.98
Gr5_EF462979 1750 2000 5191.98
Gr5_EF462979 2000 2250 4337.23
Gr5_EF462979 2250 2500 5683.03
Gr5_EF462979 2500 2750 5458.16
Gr5_EF462979 2750 3000 5395.84
Gr5_EF462979 3000 3250 4774.77
Gr5_EF462979 3250 3500 3277.17
Gr5_EF462979 3500 3750 8098.47
Gr5_EF462979 3750 4000 4565.82
Gr5_EF462979 4000 4250 4174.41
Gr5_EF462979 4250 4500 5340.86
Gr5_EF462979 4500 4750 4407.31
Gr5_EF462979 4750 5000 10246.79
Gr5_EF462979 5000 5250 5781.44
Gr5_EF462979 5250 5480 4476.01
Gr6_EF462980 0 250 11260.41
Gr6_EF462980 250 500 15046.72
Gr6_EF462980 500 750 13349.36
Gr6_EF462980 750 1000 11094.6
Gr6_EF462980 1000 1250 11625.96
Gr6_EF462980 1250 1500 12717.58
Gr6_EF462980 1500 1750 14732.78
Gr6_EF462980 1750 2000 15614.57
Gr6_EF462980 2000 2250 15216.76
Gr6_EF462980 2250 2500 15142.0
Gr6_EF462980 2500 2750 13908.82
Gr6_EF462980 2750 3000 12081.15
Gr6_EF462980 3000 3250 10845.62
Gr6_EF462980 3250 3500 10478.26
Gr6_EF462980 3500 3750 10270.91
Gr6_EF462980 3750 4000 11971.2
Gr6_EF462980 4000 4250 12272.22
Gr6_EF462980 4250 4500 12226.95
Gr6_EF462980 4500 4750 12390.06
Gr6_EF462980 4750 5000 11900.01
Gr6_EF462980 5000 5250 15194.08
Gr6_EF462980 5250 5500 13401.85
Gr6_EF462980 5500 5750 9210.3
Gr6_EF462980 5750 5797 2486.7
Gr7_EF462981 0 250 27836.97
Gr7_EF462981 250 500 34841.68
Gr7_EF462981 500 750 33595.9
Gr7_EF462981 750 1000 27205.47
Gr7_EF462981 1000 1250 29635.38
Gr7_EF462981 1250 1500 22546.46
Gr7_EF462981 1500 1750 26896.89
Gr7_EF462981 1750 2000 27466.98
Gr7_EF462981 2000 2250 23356.45
Gr7_EF462981 2250 2500 26563.51
Gr7_EF462981 2500 2750 27647.1
Gr7_EF462981 2750 3000 27158.87
Gr7_EF462981 3000 3250 25200.28
Gr7_EF462981 3250 3500 20992.64
Gr7_EF462981 3500 3750 19260.12
Gr7_EF462981 3750 4000 23504.29
Gr7_EF462981 4000 4250 26299.88
Gr7_EF462981 4250 4500 26340.52
Gr7_EF462981 4500 4750 24126.41
Gr7_EF462981 4750 5000 25248.09
Gr7_EF462981 5000 5250 18080.22
Gr7_EF462981 5250 5308 172.98
