Gr1_EF193005 0 250 9.42
Gr1_EF193005 250 500 0.27
Gr1_EF193005 500 750 0.0
Gr1_EF193005 750 1000 0.0
Gr1_EF193005 1000 1250 0.11
Gr1_EF193005 1250 1500 0.0
Gr1_EF193005 1500 1750 0.09
Gr1_EF193005 1750 2000 0.0
Gr1_EF193005 2000 2250 0.0
Gr1_EF193005 2250 2500 0.0
Gr1_EF193005 2500 2750 0.0
Gr1_EF193005 2750 3000 0.0
Gr1_EF193005 3000 3250 14.38
Gr1_EF193005 3250 3500 1.87
Gr1_EF193005 3500 3750 0.0
Gr1_EF193005 3750 4000 4.33
Gr1_EF193005 4000 4250 0.0
Gr1_EF193005 4250 4500 0.08
Gr1_EF193005 4500 4750 0.0
Gr1_EF193005 4750 5000 0.0
Gr1_EF193005 5000 5250 0.0
Gr1_EF193005 5250 5500 0.0
Gr1_EF193005 5500 5750 0.0
Gr1_EF193005 5750 6000 13.99
Gr1_EF193005 6000 6250 0.0
Gr1_EF193005 6250 6500 0.0
Gr1_EF193005 6500 6750 0.0
Gr1_EF193005 6750 7000 0.0
Gr1_EF193005 7000 7250 0.9
Gr1_EF193005 7250 7500 0.0
Gr1_EF193005 7500 7750 0.0
Gr1_EF193005 7750 8000 0.0
Gr1_EF193005 8000 8250 0.0
Gr1_EF193005 8250 8500 0.0
Gr1_EF193005 8500 8750 0.0
Gr1_EF193005 8750 9000 0.0
Gr1_EF193005 9000 9210 0.0
Gr2_EF462976 0 250 6059.64
Gr2_EF462976 250 500 3248.79
Gr2_EF462976 500 750 3085.99
Gr2_EF462976 750 1000 3109.69
Gr2_EF462976 1000 1250 5262.31
Gr2_EF462976 1250 1500 3262.88
Gr2_EF462976 1500 1750 2410.02
Gr2_EF462976 1750 2000 1951.54
Gr2_EF462976 2000 2250 1837.37
Gr2_EF462976 2250 2500 1689.18
Gr2_EF462976 2500 2750 2139.93
Gr2_EF462976 2750 3000 3278.3
Gr2_EF462976 3000 3250 2977.31
Gr2_EF462976 3250 3500 2380.19
Gr2_EF462976 3500 3750 4273.49
Gr2_EF462976 3750 4000 3570.95
Gr2_EF462976 4000 4250 1816.2
Gr2_EF462976 4250 4500 14950.49
Gr2_EF462976 4500 4750 26830.01
Gr2_EF462976 4750 5000 5559.16
Gr2_EF462976 5000 5250 13493.8
Gr2_EF462976 5250 5500 10148.71
Gr2_EF462976 5500 5750 11487.48
Gr2_EF462976 5750 6000 6301.74
Gr2_EF462976 6000 6250 859.22
Gr2_EF462976 6250 6500 1307.72
Gr2_EF462976 6500 6604 1479.69
Gr3_EF462977 0 250 4385.61
Gr3_EF462977 250 500 2342.95
Gr3_EF462977 500 750 2959.66
Gr3_EF462977 750 1000 3404.62
Gr3_EF462977 1000 1250 1421.31
Gr3_EF462977 1250 1500 1849.7
Gr3_EF462977 1500 1750 4158.27
Gr3_EF462977 1750 2000 7580.42
Gr3_EF462977 2000 2250 7538.93
Gr3_EF462977 2250 2500 5003.88
Gr3_EF462977 2500 2750 6211.88
Gr3_EF462977 2750 3000 4262.06
Gr3_EF462977 3000 3192 4837.37
Gr4_EF462978 0 250 4968.68
Gr4_EF462978 250 500 4952.48
Gr4_EF462978 500 750 4686.54
Gr4_EF462978 750 1000 5940.43
Gr4_EF462978 1000 1250 4682.98
Gr4_EF462978 1250 1500 9392.1
Gr4_EF462978 1500 1750 9576.45
Gr4_EF462978 1750 2000 10257.31
Gr4_EF462978 2000 2250 11046.52
Gr4_EF462978 2250 2500 14669.94
Gr4_EF462978 2500 2750 16575.02
Gr4_EF462978 2750 3000 7201.95
Gr4_EF462978 3000 3250 10753.68
Gr4_EF462978 3250 3500 10026.82
Gr4_EF462978 3500 3750 10419.54
Gr4_EF462978 3750 4000 10203.73
Gr4_EF462978 4000 4250 10491.97
Gr4_EF462978 4250 4500 9475.37
Gr4_EF462978 4500 4750 4562.44
Gr4_EF462978 4750 5000 2659.54
Gr4_EF462978 5000 5250 2698.52
Gr4_EF462978 5250 5500 3545.32
Gr4_EF462978 5500 5750 2244.51
Gr4_EF462978 5750 6000 1671.86
Gr4_EF462978 6000 6010 76.71
Gr5_EF462979 0 250 1388.97
Gr5_EF462979 250 500 3628.25
Gr5_EF462979 500 750 3574.8
Gr5_EF462979 750 1000 1557.18
Gr5_EF462979 1000 1250 2148.35
Gr5_EF462979 1250 1500 6047.88
Gr5_EF462979 1500 1750 3337.45
Gr5_EF462979 1750 2000 4248.13
Gr5_EF462979 2000 2250 3519.24
Gr5_EF462979 2250 2500 5691.93
Gr5_EF462979 2500 2750 3762.42
Gr5_EF462979 2750 3000 858.53
Gr5_EF462979 3000 3250 2457.96
Gr5_EF462979 3250 3500 1423.49
Gr5_EF462979 3500 3750 4677.85
Gr5_EF462979 3750 4000 3444.36
Gr5_EF462979 4000 4250 1899.72
Gr5_EF462979 4250 4500 628.42
Gr5_EF462979 4500 4750 601.09
Gr5_EF462979 4750 5000 3379.04
Gr5_EF462979 5000 5250 5922.09
Gr5_EF462979 5250 5480 4530.47
Gr6_EF462980 0 250 2389.26
Gr6_EF462980 250 500 7516.18
Gr6_EF462980 500 750 6731.68
Gr6_EF462980 750 1000 5632.02
Gr6_EF462980 1000 1250 5802.43
Gr6_EF462980 1250 1500 6397.94
Gr6_EF462980 1500 1750 8918.12
Gr6_EF462980 1750 2000 7458.33
Gr6_EF462980 2000 2250 7388.55
Gr6_EF462980 2250 2500 11474.1
Gr6_EF462980 2500 2750 6586.2
Gr6_EF462980 2750 3000 6027.9
Gr6_EF462980 3000 3250 5575.33
Gr6_EF462980 3250 3500 5430.41
Gr6_EF462980 3500 3750 5269.29
Gr6_EF462980 3750 4000 5608.07
Gr6_EF462980 4000 4250 3908.48
Gr6_EF462980 4250 4500 1412.88
Gr6_EF462980 4500 4750 1408.14
Gr6_EF462980 4750 5000 1841.14
Gr6_EF462980 5000 5250 19420.12
Gr6_EF462980 5250 5500 10703.3
Gr6_EF462980 5500 5750 4576.84
Gr6_EF462980 5750 5797 763.51
Gr7_EF462981 0 250 15880.75
Gr7_EF462981 250 500 22365.49
Gr7_EF462981 500 750 19517.76
Gr7_EF462981 750 1000 16877.2
Gr7_EF462981 1000 1250 12797.34
Gr7_EF462981 1250 1500 3332.02
Gr7_EF462981 1500 1750 8689.01
Gr7_EF462981 1750 2000 16915.53
Gr7_EF462981 2000 2250 14449.99
Gr7_EF462981 2250 2500 15745.3
Gr7_EF462981 2500 2750 23329.1
Gr7_EF462981 2750 3000 23377.59
Gr7_EF462981 3000 3250 25508.66
Gr7_EF462981 3250 3500 17912.89
Gr7_EF462981 3500 3750 12339.19
Gr7_EF462981 3750 4000 11325.19
Gr7_EF462981 4000 4250 13097.38
Gr7_EF462981 4250 4500 13653.57
Gr7_EF462981 4500 4750 9778.12
Gr7_EF462981 4750 5000 13277.99
Gr7_EF462981 5000 5250 12688.02
Gr7_EF462981 5250 5308 143.92
