Gr1_EF193005 0 250 0.58
Gr1_EF193005 250 500 11.16
Gr1_EF193005 500 750 0.7
Gr1_EF193005 750 1000 8.18
Gr1_EF193005 1000 1250 1.47
Gr1_EF193005 1250 1500 0.35
Gr1_EF193005 1500 1750 0.84
Gr1_EF193005 1750 2000 0.0
Gr1_EF193005 2000 2250 0.0
Gr1_EF193005 2250 2500 0.0
Gr1_EF193005 2500 2750 1.06
Gr1_EF193005 2750 3000 0.54
Gr1_EF193005 3000 3250 6.47
Gr1_EF193005 3250 3500 0.82
Gr1_EF193005 3500 3750 0.0
Gr1_EF193005 3750 4000 0.0
Gr1_EF193005 4000 4250 0.0
Gr1_EF193005 4250 4500 5.58
Gr1_EF193005 4500 4750 0.0
Gr1_EF193005 4750 5000 0.0
Gr1_EF193005 5000 5250 0.0
Gr1_EF193005 5250 5500 0.0
Gr1_EF193005 5500 5750 0.0
Gr1_EF193005 5750 6000 2.19
Gr1_EF193005 6000 6250 0.0
Gr1_EF193005 6250 6500 0.0
Gr1_EF193005 6500 6750 0.0
Gr1_EF193005 6750 7000 0.0
Gr1_EF193005 7000 7250 0.0
Gr1_EF193005 7250 7500 0.0
Gr1_EF193005 7500 7750 0.0
Gr1_EF193005 7750 8000 0.0
Gr1_EF193005 8000 8250 0.0
Gr1_EF193005 8250 8500 0.0
Gr1_EF193005 8500 8750 0.0
Gr1_EF193005 8750 9000 0.0
Gr1_EF193005 9000 9210 0.0
Gr2_EF462976 0 250 398.47
Gr2_EF462976 250 500 876.34
Gr2_EF462976 500 750 162.41
Gr2_EF462976 750 1000 482.21
Gr2_EF462976 1000 1250 516.49
Gr2_EF462976 1250 1500 127.95
Gr2_EF462976 1500 1750 424.42
Gr2_EF462976 1750 2000 2895.64
Gr2_EF462976 2000 2250 84.68
Gr2_EF462976 2250 2500 101.72
Gr2_EF462976 2500 2750 23371.88
Gr2_EF462976 2750 3000 13249.66
Gr2_EF462976 3000 3250 86.76
Gr2_EF462976 3250 3500 3392.45
Gr2_EF462976 3500 3750 17203.45
Gr2_EF462976 3750 4000 8416.68
Gr2_EF462976 4000 4250 4141.28
Gr2_EF462976 4250 4500 9172.73
Gr2_EF462976 4500 4750 19538.91
Gr2_EF462976 4750 5000 2570.56
Gr2_EF462976 5000 5250 8039.71
Gr2_EF462976 5250 5500 6763.17
Gr2_EF462976 5500 5750 8892.34
Gr2_EF462976 5750 6000 1582.54
Gr2_EF462976 6000 6250 54.44
Gr2_EF462976 6250 6500 61.24
Gr2_EF462976 6500 6604 62.37
Gr3_EF462977 0 250 2967.98
Gr3_EF462977 250 500 58.39
Gr3_EF462977 500 750 4780.24
Gr3_EF462977 750 1000 1442.67
Gr3_EF462977 1000 1250 19.29
Gr3_EF462977 1250 1500 104.91
Gr3_EF462977 1500 1750 847.12
Gr3_EF462977 1750 2000 4307.77
Gr3_EF462977 2000 2250 4699.21
Gr3_EF462977 2250 2500 2712.2
Gr3_EF462977 2500 2750 1412.0
Gr3_EF462977 2750 3000 1518.44
Gr3_EF462977 3000 3192 1567.46
Gr4_EF462978 0 250 5305.27
Gr4_EF462978 250 500 5731.83
Gr4_EF462978 500 750 12403.08
Gr4_EF462978 750 1000 2939.37
Gr4_EF462978 1000 1250 3994.62
Gr4_EF462978 1250 1500 16526.15
Gr4_EF462978 1500 1750 16454.18
Gr4_EF462978 1750 2000 17492.29
Gr4_EF462978 2000 2250 18559.58
Gr4_EF462978 2250 2500 24281.18
Gr4_EF462978 2500 2750 27796.51
Gr4_EF462978 2750 3000 11594.27
Gr4_EF462978 3000 3250 18507.88
Gr4_EF462978 3250 3500 16720.77
Gr4_EF462978 3500 3750 17603.32
Gr4_EF462978 3750 4000 16881.92
Gr4_EF462978 4000 4250 17254.57
Gr4_EF462978 4250 4500 15984.14
Gr4_EF462978 4500 4750 21003.86
Gr4_EF462978 4750 5000 13419.87
Gr4_EF462978 5000 5250 2791.27
Gr4_EF462978 5250 5500 809.95
Gr4_EF462978 5500 5750 569.94
Gr4_EF462978 5750 6000 3975.8
Gr4_EF462978 6000 6010 527.0
Gr5_EF462979 0 250 114.56
Gr5_EF462979 250 500 8004.98
Gr5_EF462979 500 750 1535.07
Gr5_EF462979 750 1000 2138.48
Gr5_EF462979 1000 1250 119.61
Gr5_EF462979 1250 1500 663.98
Gr5_EF462979 1500 1750 903.61
Gr5_EF462979 1750 2000 857.79
Gr5_EF462979 2000 2250 2493.86
Gr5_EF462979 2250 2500 138.76
Gr5_EF462979 2500 2750 13.6
Gr5_EF462979 2750 3000 19.29
Gr5_EF462979 3000 3250 16.53
Gr5_EF462979 3250 3500 13.28
Gr5_EF462979 3500 3750 23.26
Gr5_EF462979 3750 4000 13.56
Gr5_EF462979 4000 4250 1070.22
Gr5_EF462979 4250 4500 32.9
Gr5_EF462979 4500 4750 90.36
Gr5_EF462979 4750 5000 1965.81
Gr5_EF462979 5000 5250 2073.77
Gr5_EF462979 5250 5480 1599.79
Gr6_EF462980 0 250 1831.78
Gr6_EF462980 250 500 18100.69
Gr6_EF462980 500 750 9826.51
Gr6_EF462980 750 1000 6783.96
Gr6_EF462980 1000 1250 7238.82
Gr6_EF462980 1250 1500 7896.66
Gr6_EF462980 1500 1750 8911.66
Gr6_EF462980 1750 2000 9272.1
Gr6_EF462980 2000 2250 9549.97
Gr6_EF462980 2250 2500 9376.36
Gr6_EF462980 2500 2750 8491.97
Gr6_EF462980 2750 3000 8195.36
Gr6_EF462980 3000 3250 7410.69
Gr6_EF462980 3250 3500 7381.96
Gr6_EF462980 3500 3750 5945.52
Gr6_EF462980 3750 4000 7126.09
Gr6_EF462980 4000 4250 3615.48
Gr6_EF462980 4250 4500 31.84
Gr6_EF462980 4500 4750 24.64
Gr6_EF462980 4750 5000 1229.44
Gr6_EF462980 5000 5250 33783.68
Gr6_EF462980 5250 5500 27393.16
Gr6_EF462980 5500 5750 4879.81
Gr6_EF462980 5750 5797 2442.94
Gr7_EF462981 0 250 28330.49
Gr7_EF462981 250 500 31823.25
Gr7_EF462981 500 750 39330.54
Gr7_EF462981 750 1000 14222.66
Gr7_EF462981 1000 1250 24206.32
Gr7_EF462981 1250 1500 8186.9
Gr7_EF462981 1500 1750 13404.64
Gr7_EF462981 1750 2000 29726.1
Gr7_EF462981 2000 2250 15042.4
Gr7_EF462981 2250 2500 12334.54
Gr7_EF462981 2500 2750 4242.0
Gr7_EF462981 2750 3000 4008.76
Gr7_EF462981 3000 3250 3982.52
Gr7_EF462981 3250 3500 3669.96
Gr7_EF462981 3500 3750 3339.26
Gr7_EF462981 3750 4000 3548.19
Gr7_EF462981 4000 4250 5497.56
Gr7_EF462981 4250 4500 8137.49
Gr7_EF462981 4500 4750 5152.79
Gr7_EF462981 4750 5000 9735.12
Gr7_EF462981 5000 5250 11672.32
Gr7_EF462981 5250 5308 225.07
