Gp1_AJ249395 0 250 5852.93
Gp1_AJ249395 250 500 1084.97
Gp1_AJ249395 500 750 1501.68
Gp1_AJ249395 750 1000 3710.17
Gp1_AJ249395 1000 1250 3976.35
Gp1_AJ249395 1250 1500 12547.79
Gp1_AJ249395 1500 1750 3304.64
Gp1_AJ249395 1750 2000 3653.42
Gp1_AJ249395 2000 2250 5712.34
Gp1_AJ249395 2250 2500 969.58
Gp1_AJ249395 2500 2750 2268.2
Gp1_AJ249395 2750 3000 1338.29
Gp1_AJ249395 3000 3250 4876.79
Gp1_AJ249395 3250 3500 2620.36
Gp1_AJ249395 3500 3750 8176.93
Gp1_AJ249395 3750 4000 1508.01
Gp1_AJ249395 4000 4250 1470.65
Gp1_AJ249395 4250 4500 1147.63
Gp1_AJ249395 4500 4750 2672.22
Gp1_AJ249395 4750 5000 788.65
Gp1_AJ249395 5000 5250 1432.03
Gp1_AJ249395 5250 5500 264.37
Gp1_AJ249395 5500 5750 366.38
Gp1_AJ249395 5750 6000 1095.85
Gp1_AJ249395 6000 6250 358.69
Gp1_AJ249395 6250 6500 467.52
Gp1_AJ249395 6500 6750 517.05
Gp1_AJ249395 6750 7000 781.2
Gp1_AJ249395 7000 7250 679.29
Gp1_AJ249395 7250 7500 2297.78
Gp1_AJ249395 7500 7750 2017.84
Gp1_AJ249395 7750 8000 4881.44
Gp1_AJ249395 8000 8250 5531.42
Gp1_AJ249395 8250 8500 6028.53
Gp1_AJ249395 8500 8750 9122.4
Gp1_AJ249395 8750 9000 6500.81
Gp1_AJ249395 9000 9250 8211.62
Gp1_AJ249395 9250 9428 3594.62
Gp2_DQ631911 0 250 4124.89
Gp2_DQ631911 250 500 5061.18
Gp2_DQ631911 500 750 9954.78
Gp2_DQ631911 750 1000 11766.68
Gp2_DQ631911 1000 1250 17014.83
Gp2_DQ631911 1250 1500 6388.14
Gp2_DQ631911 1500 1750 17072.17
Gp2_DQ631911 1750 2000 17053.4
Gp2_DQ631911 2000 2250 13635.66
Gp2_DQ631911 2250 2500 17273.82
Gp2_DQ631911 2500 2750 15472.81
Gp2_DQ631911 2750 3000 17412.46
Gp2_DQ631911 3000 3250 11107.64
Gp2_DQ631911 3250 3500 12130.14
Gp2_DQ631911 3500 3750 14408.3
Gp2_DQ631911 3750 4000 4734.2
Gp2_DQ631911 4000 4250 9779.61
Gp2_DQ631911 4250 4500 9126.25
Gp2_DQ631911 4500 4750 9077.32
Gp2_DQ631911 4750 5000 11556.29
Gp2_DQ631911 5000 5250 5048.26
Gp2_DQ631911 5250 5500 7468.28
Gp2_DQ631911 5500 5750 4860.1
Gp2_DQ631911 5750 6000 15123.28
Gp2_DQ631911 6000 6250 7944.25
Gp2_DQ631911 6250 6500 37184.9
Gp2_DQ631911 6500 6750 15443.48
Gp2_DQ631911 6750 7000 15597.3
Gp2_DQ631911 7000 7250 9732.2
Gp2_DQ631911 7250 7500 15827.21
Gp2_DQ631911 7500 7511 2460.64
Gp3_DQ631912 0 250 1570.21
Gp3_DQ631912 250 500 2387.99
Gp3_DQ631912 500 750 6613.66
Gp3_DQ631912 750 1000 1858.44
Gp3_DQ631912 1000 1250 805.28
Gp3_DQ631912 1250 1500 1458.06
Gp3_DQ631912 1500 1750 1703.24
Gp3_DQ631912 1750 2000 988.52
Gp3_DQ631912 2000 2250 1396.08
Gp3_DQ631912 2250 2500 581.68
Gp3_DQ631912 2500 2750 457.72
Gp3_DQ631912 2750 3000 511.22
Gp3_DQ631912 3000 3250 913.62
Gp3_DQ631912 3250 3500 496.23
Gp3_DQ631912 3500 3750 997.15
Gp3_DQ631912 3750 4000 668.3
Gp3_DQ631912 4000 4250 4301.13
Gp3_DQ631912 4250 4500 3873.78
Gp3_DQ631912 4500 4750 1557.67
Gp3_DQ631912 4750 5000 8738.83
Gp3_DQ631912 5000 5250 7580.98
Gp3_DQ631912 5250 5500 5422.5
Gp3_DQ631912 5500 5750 8055.85
Gp3_DQ631912 5750 6000 1194.39
Gp3_DQ631912 6000 6250 83.8
Gp3_DQ631912 6250 6400 0.35
Gp4_DQ631913 0 250 15396.42
Gp4_DQ631913 250 500 21622.83
Gp4_DQ631913 500 750 23658.8
Gp4_DQ631913 750 1000 24096.72
Gp4_DQ631913 1000 1250 14797.01
Gp4_DQ631913 1250 1500 8787.09
Gp4_DQ631913 1500 1750 30876.01
Gp4_DQ631913 1750 2000 19994.67
Gp4_DQ631913 2000 2250 23155.92
Gp4_DQ631913 2250 2500 24513.28
Gp4_DQ631913 2500 2750 23556.14
Gp4_DQ631913 2750 3000 23900.27
Gp4_DQ631913 3000 3250 22293.9
Gp4_DQ631913 3250 3500 10986.86
Gp4_DQ631913 3500 3750 17280.57
Gp4_DQ631913 3750 4000 26340.99
Gp4_DQ631913 4000 4250 17701.02
Gp4_DQ631913 4250 4500 14944.65
Gp4_DQ631913 4500 4750 10544.29
Gp4_DQ631913 4750 5000 31670.36
Gp4_DQ631913 5000 5250 9626.23
Gp4_DQ631913 5250 5500 33114.66
Gp4_DQ631913 5500 5750 29163.28
Gp4_DQ631913 5750 6000 30939.16
Gp4_DQ631913 6000 6250 29599.35
Gp4_DQ631913 6250 6500 24419.62
Gp4_DQ631913 6500 6750 22491.52
Gp4_DQ631913 6750 7000 21849.88
Gp4_DQ631913 7000 7250 19391.46
Gp4_DQ631913 7250 7500 12112.23
Gp4_DQ631913 7500 7560 5533.92
Gp5_DQ631914 0 250 4656.62
Gp5_DQ631914 250 500 5547.86
Gp5_DQ631914 500 750 7012.94
Gp5_DQ631914 750 1000 6669.4
Gp5_DQ631914 1000 1250 5628.63
Gp5_DQ631914 1250 1500 5393.42
Gp5_DQ631914 1500 1750 5441.45
Gp5_DQ631914 1750 2000 4745.05
Gp5_DQ631914 2000 2250 5839.12
Gp5_DQ631914 2250 2500 1843.66
Gp5_DQ631914 2500 2750 5182.45
Gp5_DQ631914 2750 3000 7724.61
Gp5_DQ631914 3000 3250 5482.98
Gp5_DQ631914 3250 3500 5166.15
Gp5_DQ631914 3500 3750 0.0
Gp5_DQ631914 3750 4000 0.0
Gp5_DQ631914 4000 4250 2434.96
Gp5_DQ631914 4250 4500 5544.87
Gp5_DQ631914 4500 4750 9341.96
Gp5_DQ631914 4750 5000 21956.26
Gp5_DQ631914 5000 5250 30039.4
Gp5_DQ631914 5250 5500 14371.54
Gp5_DQ631914 5500 5750 13461.21
Gp5_DQ631914 5750 6000 20326.79
Gp5_DQ631914 6000 6250 26810.94
Gp5_DQ631914 6250 6500 2197.06
Gp5_DQ631914 6500 6750 5805.08
Gp5_DQ631914 6750 7000 5171.09
Gp5_DQ631914 7000 7250 7016.88
Gp5_DQ631914 7250 7472 6968.0
Gr1_EF193005 0 250 0.11
Gr1_EF193005 250 500 3.08
Gr1_EF193005 500 750 0.08
Gr1_EF193005 750 1000 0.36
Gr1_EF193005 1000 1250 0.15
Gr1_EF193005 1250 1500 0.18
Gr1_EF193005 1500 1750 0.0
Gr1_EF193005 1750 2000 0.0
Gr1_EF193005 2000 2250 0.0
Gr1_EF193005 2250 2500 0.0
Gr1_EF193005 2500 2750 0.0
Gr1_EF193005 2750 3000 0.0
Gr1_EF193005 3000 3250 7.26
Gr1_EF193005 3250 3500 0.31
Gr1_EF193005 3500 3750 0.0
Gr1_EF193005 3750 4000 0.0
Gr1_EF193005 4000 4250 0.0
Gr1_EF193005 4250 4500 0.79
Gr1_EF193005 4500 4750 0.0
Gr1_EF193005 4750 5000 0.0
Gr1_EF193005 5000 5250 0.0
Gr1_EF193005 5250 5500 0.0
Gr1_EF193005 5500 5750 0.0
Gr1_EF193005 5750 6000 15.8
Gr1_EF193005 6000 6250 0.0
Gr1_EF193005 6250 6500 0.0
Gr1_EF193005 6500 6750 0.0
Gr1_EF193005 6750 7000 0.0
Gr1_EF193005 7000 7250 0.0
Gr1_EF193005 7250 7500 0.0
Gr1_EF193005 7500 7750 0.0
Gr1_EF193005 7750 8000 0.0
Gr1_EF193005 8000 8250 0.0
Gr1_EF193005 8250 8500 0.0
Gr1_EF193005 8500 8750 0.0
Gr1_EF193005 8750 9000 0.0
Gr1_EF193005 9000 9210 0.0
Gr2_EF462976 0 250 11050.78
Gr2_EF462976 250 500 10033.8
Gr2_EF462976 500 750 6619.41
Gr2_EF462976 750 1000 9976.4
Gr2_EF462976 1000 1250 13514.56
Gr2_EF462976 1250 1500 13207.14
Gr2_EF462976 1500 1750 13143.56
Gr2_EF462976 1750 2000 13992.72
Gr2_EF462976 2000 2250 13018.62
Gr2_EF462976 2250 2500 11864.98
Gr2_EF462976 2500 2750 13502.28
Gr2_EF462976 2750 3000 14669.73
Gr2_EF462976 3000 3250 13250.33
Gr2_EF462976 3250 3500 14043.01
Gr2_EF462976 3500 3750 14494.78
Gr2_EF462976 3750 4000 12006.78
Gr2_EF462976 4000 4250 10105.98
Gr2_EF462976 4250 4500 28297.48
Gr2_EF462976 4500 4750 45340.05
Gr2_EF462976 4750 5000 27347.38
Gr2_EF462976 5000 5250 22482.84
Gr2_EF462976 5250 5500 39096.43
Gr2_EF462976 5500 5750 36063.45
Gr2_EF462976 5750 6000 16997.44
Gr2_EF462976 6000 6250 6559.75
Gr2_EF462976 6250 6500 9602.32
Gr2_EF462976 6500 6604 10804.68
Gr3_EF462977 0 250 9993.57
Gr3_EF462977 250 500 9511.24
Gr3_EF462977 500 750 10547.08
Gr3_EF462977 750 1000 7822.67
Gr3_EF462977 1000 1250 3255.1
Gr3_EF462977 1250 1500 9273.88
Gr3_EF462977 1500 1750 10651.47
Gr3_EF462977 1750 2000 9762.3
Gr3_EF462977 2000 2250 10448.46
Gr3_EF462977 2250 2500 9467.32
Gr3_EF462977 2500 2750 10842.41
Gr3_EF462977 2750 3000 9982.96
Gr3_EF462977 3000 3192 7347.42
Gr4_EF462978 0 250 14231.77
Gr4_EF462978 250 500 22315.06
Gr4_EF462978 500 750 21587.7
Gr4_EF462978 750 1000 27971.92
Gr4_EF462978 1000 1250 26056.69
Gr4_EF462978 1250 1500 22158.29
Gr4_EF462978 1500 1750 21737.85
Gr4_EF462978 1750 2000 23576.77
Gr4_EF462978 2000 2250 25358.23
Gr4_EF462978 2250 2500 33450.17
Gr4_EF462978 2500 2750 37387.08
Gr4_EF462978 2750 3000 15876.16
Gr4_EF462978 3000 3250 23461.36
Gr4_EF462978 3250 3500 23175.46
Gr4_EF462978 3500 3750 24447.83
Gr4_EF462978 3750 4000 23458.31
Gr4_EF462978 4000 4250 23956.26
Gr4_EF462978 4250 4500 22149.77
Gr4_EF462978 4500 4750 34606.69
Gr4_EF462978 4750 5000 21488.39
Gr4_EF462978 5000 5250 11164.78
Gr4_EF462978 5250 5500 17649.16
Gr4_EF462978 5500 5750 18092.13
Gr4_EF462978 5750 6000 21385.7
Gr4_EF462978 6000 6010 840.2
Gr5_EF462979 0 250 8534.16
Gr5_EF462979 250 500 10076.82
Gr5_EF462979 500 750 9682.07
Gr5_EF462979 750 1000 6866.11
Gr5_EF462979 1000 1250 4542.55
Gr5_EF462979 1250 1500 7621.42
Gr5_EF462979 1500 1750 5579.98
Gr5_EF462979 1750 2000 5191.98
Gr5_EF462979 2000 2250 4337.23
Gr5_EF462979 2250 2500 5683.03
Gr5_EF462979 2500 2750 5458.16
Gr5_EF462979 2750 3000 5395.84
Gr5_EF462979 3000 3250 4774.77
Gr5_EF462979 3250 3500 3277.17
Gr5_EF462979 3500 3750 8098.47
Gr5_EF462979 3750 4000 4565.82
Gr5_EF462979 4000 4250 4174.41
Gr5_EF462979 4250 4500 5340.86
Gr5_EF462979 4500 4750 4407.31
Gr5_EF462979 4750 5000 10246.79
Gr5_EF462979 5000 5250 5781.44
Gr5_EF462979 5250 5480 4476.01
Gr6_EF462980 0 250 11260.41
Gr6_EF462980 250 500 15046.72
Gr6_EF462980 500 750 13349.36
Gr6_EF462980 750 1000 11094.6
Gr6_EF462980 1000 1250 11625.96
Gr6_EF462980 1250 1500 12717.58
Gr6_EF462980 1500 1750 14732.78
Gr6_EF462980 1750 2000 15614.57
Gr6_EF462980 2000 2250 15216.76
Gr6_EF462980 2250 2500 15142.0
Gr6_EF462980 2500 2750 13908.82
Gr6_EF462980 2750 3000 12081.15
Gr6_EF462980 3000 3250 10845.62
Gr6_EF462980 3250 3500 10478.26
Gr6_EF462980 3500 3750 10270.91
Gr6_EF462980 3750 4000 11971.2
Gr6_EF462980 4000 4250 12272.22
Gr6_EF462980 4250 4500 12226.95
Gr6_EF462980 4500 4750 12390.06
Gr6_EF462980 4750 5000 11900.01
Gr6_EF462980 5000 5250 15194.08
Gr6_EF462980 5250 5500 13401.85
Gr6_EF462980 5500 5750 9210.3
Gr6_EF462980 5750 5797 2486.7
Gr7_EF462981 0 250 27836.97
Gr7_EF462981 250 500 34841.68
Gr7_EF462981 500 750 33595.9
Gr7_EF462981 750 1000 27205.47
Gr7_EF462981 1000 1250 29635.38
Gr7_EF462981 1250 1500 22546.46
Gr7_EF462981 1500 1750 26896.89
Gr7_EF462981 1750 2000 27466.98
Gr7_EF462981 2000 2250 23356.45
Gr7_EF462981 2250 2500 26563.51
Gr7_EF462981 2500 2750 27647.1
Gr7_EF462981 2750 3000 27158.87
Gr7_EF462981 3000 3250 25200.28
Gr7_EF462981 3250 3500 20992.64
Gr7_EF462981 3500 3750 19260.12
Gr7_EF462981 3750 4000 23504.29
Gr7_EF462981 4000 4250 26299.88
Gr7_EF462981 4250 4500 26340.52
Gr7_EF462981 4500 4750 24126.41
Gr7_EF462981 4750 5000 25248.09
Gr7_EF462981 5000 5250 18080.22
Gr7_EF462981 5250 5308 172.98
