Gr1_EF193005 0 250 0.07
Gr1_EF193005 250 500 1.81
Gr1_EF193005 500 750 0.05
Gr1_EF193005 750 1000 0.21
Gr1_EF193005 1000 1250 0.09
Gr1_EF193005 1250 1500 0.11
Gr1_EF193005 1500 1750 0.0
Gr1_EF193005 1750 2000 0.0
Gr1_EF193005 2000 2250 0.0
Gr1_EF193005 2250 2500 0.0
Gr1_EF193005 2500 2750 0.0
Gr1_EF193005 2750 3000 0.0
Gr1_EF193005 3000 3250 4.26
Gr1_EF193005 3250 3500 0.18
Gr1_EF193005 3500 3750 0.0
Gr1_EF193005 3750 4000 0.0
Gr1_EF193005 4000 4250 0.0
Gr1_EF193005 4250 4500 0.46
Gr1_EF193005 4500 4750 0.0
Gr1_EF193005 4750 5000 0.0
Gr1_EF193005 5000 5250 0.0
Gr1_EF193005 5250 5500 0.0
Gr1_EF193005 5500 5750 0.0
Gr1_EF193005 5750 6000 9.27
Gr1_EF193005 6000 6250 0.0
Gr1_EF193005 6250 6500 0.0
Gr1_EF193005 6500 6750 0.0
Gr1_EF193005 6750 7000 0.0
Gr1_EF193005 7000 7250 0.0
Gr1_EF193005 7250 7500 0.0
Gr1_EF193005 7500 7750 0.0
Gr1_EF193005 7750 8000 0.0
Gr1_EF193005 8000 8250 0.0
Gr1_EF193005 8250 8500 0.0
Gr1_EF193005 8500 8750 0.0
Gr1_EF193005 8750 9000 0.0
Gr1_EF193005 9000 9210 0.0
Gr2_EF462976 0 250 6487.92
Gr2_EF462976 250 500 5890.85
Gr2_EF462976 500 750 3886.26
Gr2_EF462976 750 1000 5857.14
Gr2_EF462976 1000 1250 7934.4
Gr2_EF462976 1250 1500 7753.91
Gr2_EF462976 1500 1750 7716.58
Gr2_EF462976 1750 2000 8215.12
Gr2_EF462976 2000 2250 7643.23
Gr2_EF462976 2250 2500 6965.93
Gr2_EF462976 2500 2750 7927.19
Gr2_EF462976 2750 3000 8612.6
Gr2_EF462976 3000 3250 7779.27
Gr2_EF462976 3250 3500 8244.65
Gr2_EF462976 3500 3750 8509.89
Gr2_EF462976 3750 4000 7049.18
Gr2_EF462976 4000 4250 5933.22
Gr2_EF462976 4250 4500 16613.45
Gr2_EF462976 4500 4750 26619.14
Gr2_EF462976 4750 5000 16055.64
Gr2_EF462976 5000 5250 13199.67
Gr2_EF462976 5250 5500 22953.51
Gr2_EF462976 5500 5750 21172.85
Gr2_EF462976 5750 6000 9979.2
Gr2_EF462976 6000 6250 3851.23
Gr2_EF462976 6250 6500 5637.52
Gr2_EF462976 6500 6604 6343.43
Gr3_EF462977 0 250 5867.23
Gr3_EF462977 250 500 5584.05
Gr3_EF462977 500 750 6192.19
Gr3_EF462977 750 1000 4592.69
Gr3_EF462977 1000 1250 1911.07
Gr3_EF462977 1250 1500 5444.7
Gr3_EF462977 1500 1750 6253.48
Gr3_EF462977 1750 2000 5731.45
Gr3_EF462977 2000 2250 6134.29
Gr3_EF462977 2250 2500 5558.26
Gr3_EF462977 2500 2750 6365.58
Gr3_EF462977 2750 3000 5861.0
Gr3_EF462977 3000 3192 4313.67
Gr4_EF462978 0 250 8355.47
Gr4_EF462978 250 500 13101.17
Gr4_EF462978 500 750 12674.14
Gr4_EF462978 750 1000 16422.31
Gr4_EF462978 1000 1250 15297.88
Gr4_EF462978 1250 1500 13009.13
Gr4_EF462978 1500 1750 12762.29
Gr4_EF462978 1750 2000 13841.92
Gr4_EF462978 2000 2250 14887.82
Gr4_EF462978 2250 2500 19638.6
Gr4_EF462978 2500 2750 21949.96
Gr4_EF462978 2750 3000 9320.89
Gr4_EF462978 3000 3250 13774.16
Gr4_EF462978 3250 3500 13606.31
Gr4_EF462978 3500 3750 14353.32
Gr4_EF462978 3750 4000 13772.37
Gr4_EF462978 4000 4250 14064.72
Gr4_EF462978 4250 4500 13004.13
Gr4_EF462978 4500 4750 20317.59
Gr4_EF462978 4750 5000 12615.83
Gr4_EF462978 5000 5250 6554.84
Gr4_EF462978 5250 5500 10361.82
Gr4_EF462978 5500 5750 10621.89
Gr4_EF462978 5750 6000 12555.54
Gr4_EF462978 6000 6010 493.28
Gr5_EF462979 0 250 5010.41
Gr5_EF462979 250 500 5916.1
Gr5_EF462979 500 750 5684.34
Gr5_EF462979 750 1000 4031.09
Gr5_EF462979 1000 1250 2666.93
Gr5_EF462979 1250 1500 4474.53
Gr5_EF462979 1500 1750 3276.0
Gr5_EF462979 1750 2000 3048.21
Gr5_EF462979 2000 2250 2546.39
Gr5_EF462979 2250 2500 3336.51
Gr5_EF462979 2500 2750 3204.48
Gr5_EF462979 2750 3000 3167.9
Gr5_EF462979 3000 3250 2803.27
Gr5_EF462979 3250 3500 1924.03
Gr5_EF462979 3500 3750 4754.61
Gr5_EF462979 3750 4000 2680.6
Gr5_EF462979 4000 4250 2450.8
Gr5_EF462979 4250 4500 3135.62
Gr5_EF462979 4500 4750 2587.53
Gr5_EF462979 4750 5000 6015.89
Gr5_EF462979 5000 5250 3394.28
Gr5_EF462979 5250 5480 2627.87
Gr6_EF462980 0 250 6610.99
Gr6_EF462980 250 500 8833.93
Gr6_EF462980 500 750 7837.41
Gr6_EF462980 750 1000 6513.64
Gr6_EF462980 1000 1250 6825.6
Gr6_EF462980 1250 1500 7466.49
Gr6_EF462980 1500 1750 8649.61
Gr6_EF462980 1750 2000 9167.32
Gr6_EF462980 2000 2250 8933.76
Gr6_EF462980 2250 2500 8889.87
Gr6_EF462980 2500 2750 8165.87
Gr6_EF462980 2750 3000 7092.84
Gr6_EF462980 3000 3250 6367.46
Gr6_EF462980 3250 3500 6151.78
Gr6_EF462980 3500 3750 6030.05
Gr6_EF462980 3750 4000 7028.29
Gr6_EF462980 4000 4250 7205.02
Gr6_EF462980 4250 4500 7178.44
Gr6_EF462980 4500 4750 7274.2
Gr6_EF462980 4750 5000 6986.49
Gr6_EF462980 5000 5250 8920.44
Gr6_EF462980 5250 5500 7868.22
Gr6_EF462980 5500 5750 5407.37
Gr6_EF462980 5750 5797 1459.94
Gr7_EF462981 0 250 16343.09
Gr7_EF462981 250 500 20455.55
Gr7_EF462981 500 750 19724.15
Gr7_EF462981 750 1000 15972.33
Gr7_EF462981 1000 1250 17398.93
Gr7_EF462981 1250 1500 13237.02
Gr7_EF462981 1500 1750 15791.16
Gr7_EF462981 1750 2000 16125.86
Gr7_EF462981 2000 2250 13712.57
Gr7_EF462981 2250 2500 15595.44
Gr7_EF462981 2500 2750 16231.61
Gr7_EF462981 2750 3000 15944.97
Gr7_EF462981 3000 3250 14795.09
Gr7_EF462981 3250 3500 12324.78
Gr7_EF462981 3500 3750 11307.62
Gr7_EF462981 3750 4000 13799.37
Gr7_EF462981 4000 4250 15440.66
Gr7_EF462981 4250 4500 15464.52
Gr7_EF462981 4500 4750 14164.61
Gr7_EF462981 4750 5000 14823.15
Gr7_EF462981 5000 5250 10614.9
Gr7_EF462981 5250 5308 101.56
