Gr1_EF193005 0 250 1.87
Gr1_EF193005 250 500 2766.68
Gr1_EF193005 500 750 4.29
Gr1_EF193005 750 1000 2.58
Gr1_EF193005 1000 1250 0.16
Gr1_EF193005 1250 1500 3.62
Gr1_EF193005 1500 1750 44.4
Gr1_EF193005 1750 2000 0.0
Gr1_EF193005 2000 2250 0.0
Gr1_EF193005 2250 2500 41.99
Gr1_EF193005 2500 2750 8.38
Gr1_EF193005 2750 3000 0.0
Gr1_EF193005 3000 3250 11.96
Gr1_EF193005 3250 3500 0.86
Gr1_EF193005 3500 3750 0.0
Gr1_EF193005 3750 4000 417.38
Gr1_EF193005 4000 4250 0.0
Gr1_EF193005 4250 4500 12.56
Gr1_EF193005 4500 4750 0.0
Gr1_EF193005 4750 5000 0.0
Gr1_EF193005 5000 5250 0.0
Gr1_EF193005 5250 5500 0.0
Gr1_EF193005 5500 5750 0.0
Gr1_EF193005 5750 6000 3.81
Gr1_EF193005 6000 6250 0.28
Gr1_EF193005 6250 6500 0.0
Gr1_EF193005 6500 6750 0.0
Gr1_EF193005 6750 7000 0.0
Gr1_EF193005 7000 7250 14.7
Gr1_EF193005 7250 7500 0.0
Gr1_EF193005 7500 7750 0.0
Gr1_EF193005 7750 8000 0.0
Gr1_EF193005 8000 8250 0.0
Gr1_EF193005 8250 8500 0.0
Gr1_EF193005 8500 8750 0.0
Gr1_EF193005 8750 9000 0.0
Gr1_EF193005 9000 9210 0.0
Gr2_EF462976 0 250 3927.66
Gr2_EF462976 250 500 5803.3
Gr2_EF462976 500 750 5656.22
Gr2_EF462976 750 1000 5010.71
Gr2_EF462976 1000 1250 5496.22
Gr2_EF462976 1250 1500 7763.32
Gr2_EF462976 1500 1750 1699.53
Gr2_EF462976 1750 2000 73.12
Gr2_EF462976 2000 2250 115.66
Gr2_EF462976 2250 2500 169.61
Gr2_EF462976 2500 2750 137.45
Gr2_EF462976 2750 3000 69.12
Gr2_EF462976 3000 3250 60.61
Gr2_EF462976 3250 3500 2896.42
Gr2_EF462976 3500 3750 4563.88
Gr2_EF462976 3750 4000 236.65
Gr2_EF462976 4000 4250 1513.58
Gr2_EF462976 4250 4500 21918.3
Gr2_EF462976 4500 4750 11944.94
Gr2_EF462976 4750 5000 2010.26
Gr2_EF462976 5000 5250 10977.36
Gr2_EF462976 5250 5500 18131.96
Gr2_EF462976 5500 5750 7472.68
Gr2_EF462976 5750 6000 2767.84
Gr2_EF462976 6000 6250 32.31
Gr2_EF462976 6250 6500 40.7
Gr2_EF462976 6500 6604 48.07
Gr3_EF462977 0 250 1897.85
Gr3_EF462977 250 500 2042.1
Gr3_EF462977 500 750 1545.07
Gr3_EF462977 750 1000 1117.18
Gr3_EF462977 1000 1250 17.5
Gr3_EF462977 1250 1500 102.64
Gr3_EF462977 1500 1750 831.13
Gr3_EF462977 1750 2000 2415.24
Gr3_EF462977 2000 2250 2984.62
Gr3_EF462977 2250 2500 452.69
Gr3_EF462977 2500 2750 262.58
Gr3_EF462977 2750 3000 1859.72
Gr3_EF462977 3000 3192 4079.75
Gr4_EF462978 0 250 3282.98
Gr4_EF462978 250 500 95.38
Gr4_EF462978 500 750 79.12
Gr4_EF462978 750 1000 102.88
Gr4_EF462978 1000 1250 1201.84
Gr4_EF462978 1250 1500 2506.18
Gr4_EF462978 1500 1750 9139.44
Gr4_EF462978 1750 2000 16192.64
Gr4_EF462978 2000 2250 16729.4
Gr4_EF462978 2250 2500 21911.75
Gr4_EF462978 2500 2750 21866.9
Gr4_EF462978 2750 3000 4882.28
Gr4_EF462978 3000 3250 13109.21
Gr4_EF462978 3250 3500 15399.74
Gr4_EF462978 3500 3750 14271.82
Gr4_EF462978 3750 4000 15689.64
Gr4_EF462978 4000 4250 16584.16
Gr4_EF462978 4250 4500 13300.34
Gr4_EF462978 4500 4750 10971.61
Gr4_EF462978 4750 5000 321.66
Gr4_EF462978 5000 5250 829.23
Gr4_EF462978 5250 5500 125.51
Gr4_EF462978 5500 5750 272.6
Gr4_EF462978 5750 6000 737.21
Gr4_EF462978 6000 6010 1588.3
Gr5_EF462979 0 250 327.32
Gr5_EF462979 250 500 53.95
Gr5_EF462979 500 750 45.3
Gr5_EF462979 750 1000 1878.91
Gr5_EF462979 1000 1250 3210.92
Gr5_EF462979 1250 1500 9484.81
Gr5_EF462979 1500 1750 267.07
Gr5_EF462979 1750 2000 457.34
Gr5_EF462979 2000 2250 4636.04
Gr5_EF462979 2250 2500 11729.73
Gr5_EF462979 2500 2750 573.36
Gr5_EF462979 2750 3000 91.64
Gr5_EF462979 3000 3250 124.34
Gr5_EF462979 3250 3500 75.42
Gr5_EF462979 3500 3750 51.03
Gr5_EF462979 3750 4000 28.73
Gr5_EF462979 4000 4250 1040.5
Gr5_EF462979 4250 4500 266.42
Gr5_EF462979 4500 4750 21.68
Gr5_EF462979 4750 5000 107.1
Gr5_EF462979 5000 5250 241.87
Gr5_EF462979 5250 5480 336.64
Gr6_EF462980 0 250 146.13
Gr6_EF462980 250 500 188.86
Gr6_EF462980 500 750 36.97
Gr6_EF462980 750 1000 26.79
Gr6_EF462980 1000 1250 36.9
Gr6_EF462980 1250 1500 36.71
Gr6_EF462980 1500 1750 1209.67
Gr6_EF462980 1750 2000 1623.2
Gr6_EF462980 2000 2250 1656.84
Gr6_EF462980 2250 2500 4695.27
Gr6_EF462980 2500 2750 909.95
Gr6_EF462980 2750 3000 31.87
Gr6_EF462980 3000 3250 248.06
Gr6_EF462980 3250 3500 4572.6
Gr6_EF462980 3500 3750 2238.24
Gr6_EF462980 3750 4000 35.45
Gr6_EF462980 4000 4250 794.37
Gr6_EF462980 4250 4500 556.18
Gr6_EF462980 4500 4750 1306.46
Gr6_EF462980 4750 5000 3100.82
Gr6_EF462980 5000 5250 20315.44
Gr6_EF462980 5250 5500 1333.25
Gr6_EF462980 5500 5750 50.48
Gr6_EF462980 5750 5797 117.15
Gr7_EF462981 0 250 919.1
Gr7_EF462981 250 500 2618.0
Gr7_EF462981 500 750 635.56
Gr7_EF462981 750 1000 99.0
Gr7_EF462981 1000 1250 113.25
Gr7_EF462981 1250 1500 78.51
Gr7_EF462981 1500 1750 92.85
Gr7_EF462981 1750 2000 9132.5
Gr7_EF462981 2000 2250 4610.94
Gr7_EF462981 2250 2500 6742.94
Gr7_EF462981 2500 2750 6794.84
Gr7_EF462981 2750 3000 1485.03
Gr7_EF462981 3000 3250 7974.78
Gr7_EF462981 3250 3500 5998.4
Gr7_EF462981 3500 3750 9617.94
Gr7_EF462981 3750 4000 6723.94
Gr7_EF462981 4000 4250 1062.82
Gr7_EF462981 4250 4500 21823.16
Gr7_EF462981 4500 4750 1335.23
Gr7_EF462981 4750 5000 20212.62
Gr7_EF462981 5000 5250 11765.38
Gr7_EF462981 5250 5308 381.26
