Gp1_AJ249395 0 10 261.2
Gp1_AJ249395 10 20 654.1
Gp1_AJ249395 20 30 660.0
Gp1_AJ249395 30 40 659.9
Gp1_AJ249395 40 50 660.0
Gp1_AJ249395 50 60 660.0
Gp1_AJ249395 60 70 660.0
Gp1_AJ249395 70 80 660.0
Gp1_AJ249395 80 90 660.0
Gp1_AJ249395 90 100 660.0
Gp1_AJ249395 100 110 114.9
Gp1_AJ249395 110 120 83.8
Gp1_AJ249395 120 130 84.0
Gp1_AJ249395 130 140 84.0
Gp1_AJ249395 140 150 84.0
Gp1_AJ249395 150 160 84.0
Gp1_AJ249395 160 170 85.5
Gp1_AJ249395 170 180 88.7
Gp1_AJ249395 180 190 97.2
Gp1_AJ249395 190 200 99.1
Gp1_AJ249395 200 210 206.4
Gp1_AJ249395 210 220 751.8
Gp1_AJ249395 220 230 1355.1
Gp1_AJ249395 230 240 1928.2
Gp1_AJ249395 240 250 2184.2
Gp1_AJ249395 250 260 2182.5
Gp1_AJ249395 260 270 2179.6
Gp1_AJ249395 270 280 2174.1
Gp1_AJ249395 280 290 2167.5
Gp1_AJ249395 290 300 2158.9
Gp1_AJ249395 300 310 482.2
Gp1_AJ249395 310 320 52.6
Gp1_AJ249395 320 330 3.7
Gp1_AJ249395 330 340 4.0
Gp1_AJ249395 340 350 3.7
Gp1_AJ249395 350 360 3.9
Gp1_AJ249395 360 370 4.0
Gp1_AJ249395 370 380 4.0
Gp1_AJ249395 380 390 1.3
Gp1_AJ249395 390 400 1.0
Gp1_AJ249395 400 410 1.0
Gp1_AJ249395 410 420 1.0
Gp1_AJ249395 420 430 1.0
Gp1_AJ249395 430 440 1.0
Gp1_AJ249395 440 450 1.0
Gp1_AJ249395 450 460 1.0
Gp1_AJ249395 460 470 1.0
Gp1_AJ249395 470 480 1.5
Gp1_AJ249395 480 490 1.9
Gp1_AJ249395 490 500 1.0
Gp1_AJ249395 500 510 1.0
Gp1_AJ249395 510 520 1.9
Gp1_AJ249395 520 530 3.0
Gp1_AJ249395 530 540 3.0
Gp1_AJ249395 540 550 2.8
Gp1_AJ249395 550 560 94.3
Gp1_AJ249395 560 570 142.0
Gp1_AJ249395 570 580 142.0
Gp1_AJ249395 580 590 132.4
Gp1_AJ249395 590 600 5.2
Gp1_AJ249395 600 610 5.0
Gp1_AJ249395 610 620 5.0
Gp1_AJ249395 620 630 3.8
Gp1_AJ249395 630 640 2.0
Gp1_AJ249395 640 650 2.0
Gp1_AJ249395 650 660 2.0
Gp1_AJ249395 660 670 2.0
Gp1_AJ249395 670 680 2.0
Gp1_AJ249395 680 690 2.0
Gp1_AJ249395 690 700 2.0
Gp1_AJ249395 700 710 2.0
Gp1_AJ249395 710 720 2.0
Gp1_AJ249395 720 730 4.4
Gp1_AJ249395 730 740 18.2
Gp1_AJ249395 740 750 20.0
Gp1_AJ249395 750 760 20.0
Gp1_AJ249395 760 770 14.4
Gp1_AJ249395 770 780 1.0
Gp1_AJ249395 780 790 11.7
Gp1_AJ249395 790 800 22.0
Gp1_AJ249395 800 810 22.0
Gp1_AJ249395 810 820 22.0
Gp1_AJ249395 820 830 15.7
Gp1_AJ249395 830 840 1.0
Gp1_AJ249395 840 850 1.0
Gp1_AJ249395 850 860 1.0
Gp1_AJ249395 860 870 1.0
Gp1_AJ249395 870 880 1.0
Gp1_AJ249395 880 890 1.0
Gp1_AJ249395 890 900 1.0
Gp1_AJ249395 900 910 1.0
Gp1_AJ249395 910 920 1.0
Gp1_AJ249395 920 930 1.0
Gp1_AJ249395 930 940 1.0
Gp1_AJ249395 940 950 1.0
Gp1_AJ249395 950 960 1.0
Gp1_AJ249395 960 970 1.0
Gp1_AJ249395 970 980 1.0
Gp1_AJ249395 980 990 1.0
Gp1_AJ249395 990 1000 1.0
Gp1_AJ249395 1000 1010 1.0
Gp1_AJ249395 1010 1020 1.0
Gp1_AJ249395 1020 1030 1.0
Gp1_AJ249395 1030 1040 1.0
Gp1_AJ249395 1040 1050 1.0
Gp1_AJ249395 1050 1060 1.0
Gp1_AJ249395 1060 1070 1.0
Gp1_AJ249395 1070 1080 1.0
Gp1_AJ249395 1080 1090 1.0
Gp1_AJ249395 1090 1100 1.0
Gp1_AJ249395 1100 1110 1.0
Gp1_AJ249395 1110 1120 1.0
Gp1_AJ249395 1120 1130 1.0
Gp1_AJ249395 1130 1140 1.0
Gp1_AJ249395 1140 1150 1.0
Gp1_AJ249395 1150 1160 1.6
Gp1_AJ249395 1160 1170 2.0
Gp1_AJ249395 1170 1180 2.0
Gp1_AJ249395 1180 1190 1.2
Gp1_AJ249395 1190 1200 1.0
Gp1_AJ249395 1200 1210 1.0
Gp1_AJ249395 1210 1220 1.0
Gp1_AJ249395 1220 1230 1.0
Gp1_AJ249395 1230 1240 1.0
Gp1_AJ249395 1240 1250 1.0
Gp1_AJ249395 1250 1260 1.0
Gp1_AJ249395 1260 1270 1.0
Gp1_AJ249395 1270 1280 1.0
Gp1_AJ249395 1280 1290 1.0
Gp1_AJ249395 1290 1300 1.0
Gp1_AJ249395 1300 1310 1.0
Gp1_AJ249395 1310 1320 1.0
Gp1_AJ249395 1320 1330 1.0
Gp1_AJ249395 1330 1340 1.0
Gp1_AJ249395 1340 1350 1.0
Gp1_AJ249395 1350 1354 1.0
Gp2_DQ631911 0 10 1.0
Gp2_DQ631911 10 20 1.0
Gp2_DQ631911 20 30 1.0
Gp2_DQ631911 30 40 1.0
Gp2_DQ631911 40 50 1.0
Gp2_DQ631911 50 60 1.0
Gp2_DQ631911 60 70 1.0
Gp2_DQ631911 70 80 45.4
Gp2_DQ631911 80 90 1400.0
Gp2_DQ631911 90 100 1768.8
Gp2_DQ631911 100 110 2047.8
Gp2_DQ631911 110 120 2261.1
Gp2_DQ631911 120 130 2480.0
Gp2_DQ631911 130 140 2531.2
Gp2_DQ631911 140 150 764.6
Gp2_DQ631911 150 160 668.7
Gp2_DQ631911 160 170 724.0
Gp2_DQ631911 170 180 1665.9
Gp2_DQ631911 180 190 2289.5
Gp2_DQ631911 190 200 2525.4
Gp2_DQ631911 200 210 2689.1
Gp2_DQ631911 210 220 2613.0
Gp2_DQ631911 220 230 2363.4
Gp2_DQ631911 230 240 2092.6
Gp2_DQ631911 240 250 1811.5
Gp2_DQ631911 250 260 1570.3
Gp2_DQ631911 260 270 1294.5
Gp2_DQ631911 270 280 963.7
Gp2_DQ631911 280 290 301.8
Gp2_DQ631911 290 300 259.6
Gp2_DQ631911 300 310 98.4
Gp2_DQ631911 310 320 4.9
Gp2_DQ631911 320 330 6.0
Gp2_DQ631911 330 340 6.0
Gp2_DQ631911 340 350 6.0
Gp2_DQ631911 350 360 6.0
Gp2_DQ631911 360 370 6.0
Gp2_DQ631911 370 380 4.4
Gp2_DQ631911 380 390 1.9
Gp2_DQ631911 390 400 2.0
Gp2_DQ631911 400 410 2.0
Gp2_DQ631911 410 420 1.5
Gp2_DQ631911 420 430 1.0
Gp2_DQ631911 430 440 1.0
Gp2_DQ631911 440 450 1.0
Gp2_DQ631911 450 460 1.0
Gp2_DQ631911 460 470 1.0
Gp2_DQ631911 470 480 1.0
Gp2_DQ631911 480 490 1.0
Gp2_DQ631911 490 500 1.0
Gp2_DQ631911 500 510 1.0
Gp2_DQ631911 510 520 1.0
Gp2_DQ631911 520 530 1.0
Gp2_DQ631911 530 540 1.0
Gp2_DQ631911 540 550 1.0
Gp2_DQ631911 550 560 1.0
Gp2_DQ631911 560 570 1.0
Gp2_DQ631911 570 580 1.0
Gp2_DQ631911 580 590 8.1
Gp2_DQ631911 590 600 9.0
Gp2_DQ631911 600 610 9.0
Gp2_DQ631911 610 620 3.8
Gp2_DQ631911 620 630 1.0
Gp2_DQ631911 630 640 1.0
Gp2_DQ631911 640 650 30.3
Gp2_DQ631911 650 660 4103.7
Gp2_DQ631911 660 670 5066.0
Gp2_DQ631911 670 680 5066.0
Gp2_DQ631911 680 690 3554.1
Gp2_DQ631911 690 700 1.6
Gp2_DQ631911 700 710 2.0
Gp2_DQ631911 710 720 2.0
Gp2_DQ631911 720 730 2.0
Gp2_DQ631911 730 740 2.0
Gp2_DQ631911 740 750 2.0
Gp2_DQ631911 750 760 2.0
Gp2_DQ631911 760 770 1.9
Gp2_DQ631911 770 780 2.0
Gp2_DQ631911 780 790 2.0
Gp2_DQ631911 790 800 630.3
Gp2_DQ631911 800 810 1268.2
Gp2_DQ631911 810 820 1280.7
Gp2_DQ631911 820 830 1289.3
Gp2_DQ631911 830 840 1202.8
Gp2_DQ631911 840 850 686.8
Gp2_DQ631911 850 860 395.7
Gp2_DQ631911 860 870 302.0
Gp2_DQ631911 870 880 298.6
Gp2_DQ631911 880 890 273.5
Gp2_DQ631911 890 900 228.7
Gp2_DQ631911 900 910 183.2
Gp2_DQ631911 910 920 48.0
Gp2_DQ631911 920 930 52.0
Gp2_DQ631911 930 940 52.0
Gp2_DQ631911 940 950 45.0
Gp2_DQ631911 950 960 4.6
Gp2_DQ631911 960 970 1.0
Gp2_DQ631911 970 980 1.0
Gp2_DQ631911 980 990 1.0
Gp2_DQ631911 990 1000 2.0
Gp2_DQ631911 1000 1010 2.0
Gp2_DQ631911 1010 1020 2.0
Gp2_DQ631911 1020 1030 2.0
Gp2_DQ631911 1030 1040 2.0
Gp2_DQ631911 1040 1050 2.0
Gp2_DQ631911 1050 1060 1.1
Gp2_DQ631911 1060 1070 1.0
Gp2_DQ631911 1070 1080 1.0
Gp2_DQ631911 1080 1090 1.0
Gp2_DQ631911 1090 1100 1.0
Gp2_DQ631911 1100 1110 1.0
Gp2_DQ631911 1110 1120 1.0
Gp2_DQ631911 1120 1130 1.0
Gp2_DQ631911 1130 1140 1.0
Gp2_DQ631911 1140 1150 1.0
Gp2_DQ631911 1150 1160 1.0
Gp2_DQ631911 1160 1170 1.0
Gp2_DQ631911 1170 1180 1.0
Gp2_DQ631911 1180 1190 1.0
Gp2_DQ631911 1190 1200 1.0
Gp2_DQ631911 1200 1210 1.0
Gp2_DQ631911 1210 1220 1.0
Gp2_DQ631911 1220 1230 1.0
Gp2_DQ631911 1230 1240 1.0
Gp2_DQ631911 1240 1250 1.0
Gp2_DQ631911 1250 1260 1.0
Gp2_DQ631911 1260 1270 1.0
Gp2_DQ631911 1270 1278 1.0
Gp3_DQ631912 0 10 1.0
Gp3_DQ631912 10 20 1.0
Gp3_DQ631912 20 30 1.0
Gp3_DQ631912 30 40 1.0
Gp3_DQ631912 40 50 1.0
Gp3_DQ631912 50 60 1.0
Gp3_DQ631912 60 70 1.0
Gp3_DQ631912 70 80 1.0
Gp3_DQ631912 80 90 1.0
Gp3_DQ631912 90 100 1.0
Gp3_DQ631912 100 110 1.0
Gp3_DQ631912 110 120 1.0
Gp3_DQ631912 120 130 1.0
Gp3_DQ631912 130 140 1.0
Gp3_DQ631912 140 150 1.0
Gp3_DQ631912 150 160 1.0
Gp3_DQ631912 160 170 1.0
Gp3_DQ631912 170 180 1.0
Gp3_DQ631912 180 190 1.0
Gp3_DQ631912 190 200 1.0
Gp3_DQ631912 200 209 1.0
Gp4_DQ631913 0 10 12131.9
Gp4_DQ631913 10 20 13917.1
Gp4_DQ631913 20 30 14096.7
Gp4_DQ631913 30 40 13806.0
Gp4_DQ631913 40 50 5487.6
Gp4_DQ631913 50 60 72.7
Gp4_DQ631913 60 70 1.0
Gp4_DQ631913 70 80 2156.3
Gp4_DQ631913 80 90 6865.3
Gp4_DQ631913 90 100 8686.8
Gp4_DQ631913 100 110 10183.0
Gp4_DQ631913 110 120 13103.2
Gp4_DQ631913 120 130 15160.1
Gp4_DQ631913 130 140 13671.0
Gp4_DQ631913 140 150 19791.2
Gp4_DQ631913 150 160 21612.9
Gp4_DQ631913 160 170 21695.6
Gp4_DQ631913 170 180 21632.2
Gp4_DQ631913 180 190 21909.0
Gp4_DQ631913 190 200 22388.5
Gp4_DQ631913 200 210 22721.9
Gp4_DQ631913 210 220 21065.3
Gp4_DQ631913 220 230 18625.3
Gp4_DQ631913 230 240 10094.3
Gp4_DQ631913 240 250 10718.5
Gp4_DQ631913 250 260 14071.6
Gp4_DQ631913 260 270 17782.5
Gp4_DQ631913 270 280 20250.1
Gp4_DQ631913 280 290 21822.2
Gp4_DQ631913 290 300 21223.0
Gp4_DQ631913 300 310 22232.7
Gp4_DQ631913 310 320 22809.2
Gp4_DQ631913 320 330 22668.5
Gp4_DQ631913 330 340 22465.5
Gp4_DQ631913 340 350 21587.8
Gp4_DQ631913 350 360 22495.2
Gp4_DQ631913 360 370 22476.0
Gp4_DQ631913 370 380 21989.5
Gp4_DQ631913 380 390 21503.9
Gp4_DQ631913 390 400 21292.4
Gp4_DQ631913 400 410 21141.2
Gp4_DQ631913 410 420 21402.6
Gp4_DQ631913 420 430 21263.5
Gp4_DQ631913 430 440 21599.1
Gp4_DQ631913 440 450 21540.5
Gp4_DQ631913 450 460 21508.6
Gp4_DQ631913 460 470 21393.6
Gp4_DQ631913 470 480 21481.7
Gp4_DQ631913 480 490 21223.8
Gp4_DQ631913 490 500 17484.4
Gp4_DQ631913 500 510 17190.3
Gp4_DQ631913 510 520 7759.6
Gp4_DQ631913 520 530 5685.5
Gp4_DQ631913 530 540 6241.8
Gp4_DQ631913 540 550 19179.8
Gp4_DQ631913 550 560 21520.1
Gp4_DQ631913 560 570 21940.5
Gp4_DQ631913 570 580 19374.2
Gp4_DQ631913 580 590 21529.2
Gp4_DQ631913 590 600 22616.7
Gp4_DQ631913 600 610 21963.5
Gp4_DQ631913 610 620 22371.7
Gp4_DQ631913 620 630 22518.2
Gp4_DQ631913 630 640 22772.8
Gp4_DQ631913 640 650 22686.7
Gp4_DQ631913 650 660 22770.7
Gp4_DQ631913 660 670 22605.3
Gp4_DQ631913 670 680 22681.0
Gp4_DQ631913 680 690 21791.2
Gp4_DQ631913 690 700 20718.1
Gp4_DQ631913 700 710 19538.0
Gp4_DQ631913 710 720 17436.0
Gp4_DQ631913 720 730 15181.8
Gp4_DQ631913 730 740 12472.9
Gp4_DQ631913 740 750 10076.3
Gp4_DQ631913 750 760 7314.2
Gp4_DQ631913 760 770 5685.9
Gp4_DQ631913 770 780 3627.5
Gp4_DQ631913 780 790 2435.1
Gp4_DQ631913 790 800 3153.5
Gp4_DQ631913 800 810 4475.7
Gp4_DQ631913 810 820 5762.6
Gp4_DQ631913 820 830 7661.7
Gp4_DQ631913 830 840 9302.6
Gp4_DQ631913 840 850 10624.8
Gp4_DQ631913 850 860 10831.8
Gp4_DQ631913 860 870 10757.7
Gp4_DQ631913 870 880 7485.4
Gp4_DQ631913 880 890 1889.1
Gp4_DQ631913 890 900 2503.4
Gp4_DQ631913 900 910 7213.8
Gp4_DQ631913 910 920 11226.8
Gp4_DQ631913 920 930 12672.0
Gp4_DQ631913 930 940 12213.1
Gp4_DQ631913 940 950 10989.4
Gp4_DQ631913 950 960 10634.4
Gp4_DQ631913 960 970 9330.5
Gp4_DQ631913 970 980 7612.8
Gp4_DQ631913 980 990 5782.3
Gp4_DQ631913 990 1000 4725.9
Gp4_DQ631913 1000 1010 3224.6
Gp4_DQ631913 1010 1020 1827.1
Gp4_DQ631913 1020 1030 437.9
Gp4_DQ631913 1030 1040 1533.3
Gp4_DQ631913 1040 1050 3210.5
Gp4_DQ631913 1050 1060 3852.5
Gp4_DQ631913 1060 1070 3847.7
Gp4_DQ631913 1070 1080 3390.3
Gp4_DQ631913 1080 1090 35.1
Gp4_DQ631913 1090 1100 6.0
Gp4_DQ631913 1100 1110 4.5
Gp4_DQ631913 1110 1120 1.4
Gp4_DQ631913 1120 1130 1.0
Gp4_DQ631913 1130 1140 12.9
Gp4_DQ631913 1140 1150 32.9
Gp4_DQ631913 1150 1160 100.9
Gp4_DQ631913 1160 1170 115.2
Gp4_DQ631913 1170 1180 1673.8
Gp4_DQ631913 1180 1190 3978.1
Gp4_DQ631913 1190 1200 5177.1
Gp4_DQ631913 1200 1210 4055.5
Gp4_DQ631913 1210 1220 2930.1
Gp4_DQ631913 1220 1230 2859.1
Gp4_DQ631913 1230 1240 227.6
Gp4_DQ631913 1240 1250 525.5
Gp4_DQ631913 1250 1260 9769.8
Gp4_DQ631913 1260 1270 13494.4
Gp4_DQ631913 1270 1280 15359.8
Gp4_DQ631913 1280 1290 16814.4
Gp4_DQ631913 1290 1300 17185.4
Gp4_DQ631913 1300 1310 17224.4
Gp4_DQ631913 1310 1320 17521.6
Gp4_DQ631913 1320 1330 17125.2
Gp4_DQ631913 1330 1340 15376.6
Gp4_DQ631913 1340 1350 12654.8
Gp4_DQ631913 1350 1360 11717.0
Gp4_DQ631913 1360 1370 7534.5
Gp4_DQ631913 1370 1380 2059.7
Gp4_DQ631913 1380 1390 740.0
Gp4_DQ631913 1390 1400 36.6
Gp4_DQ631913 1400 1410 6.0
Gp4_DQ631913 1410 1420 5.1
Gp4_DQ631913 1420 1430 1.0
Gp4_DQ631913 1430 1440 1.0
Gp4_DQ631913 1440 1450 1.0
Gp4_DQ631913 1450 1460 1.0
Gp4_DQ631913 1460 1470 3.7
Gp4_DQ631913 1470 1480 20.9
Gp4_DQ631913 1480 1490 45.8
Gp4_DQ631913 1490 1500 46.0
Gp4_DQ631913 1500 1510 46.0
Gp4_DQ631913 1510 1520 38.0
Gp4_DQ631913 1520 1530 13.6
Gp4_DQ631913 1530 1540 2696.0
Gp4_DQ631913 1540 1550 5357.8
Gp4_DQ631913 1550 1560 6853.6
Gp4_DQ631913 1560 1570 8349.7
Gp4_DQ631913 1570 1580 8797.5
Gp4_DQ631913 1580 1590 8792.2
Gp4_DQ631913 1590 1600 9214.0
Gp4_DQ631913 1600 1610 14700.2
Gp4_DQ631913 1610 1620 15346.4
Gp4_DQ631913 1620 1630 15856.0
Gp4_DQ631913 1630 1640 15811.1
Gp4_DQ631913 1640 1650 15695.9
Gp4_DQ631913 1650 1660 15686.1
Gp4_DQ631913 1660 1670 15561.9
Gp4_DQ631913 1670 1680 15406.0
Gp4_DQ631913 1680 1690 14792.5
Gp4_DQ631913 1690 1700 12808.4
Gp4_DQ631913 1700 1710 10956.2
Gp4_DQ631913 1710 1720 6456.6
Gp4_DQ631913 1720 1730 5811.4
Gp4_DQ631913 1730 1740 13735.3
Gp4_DQ631913 1740 1750 15098.5
Gp4_DQ631913 1750 1760 15409.9
Gp4_DQ631913 1760 1770 14454.2
Gp4_DQ631913 1770 1780 11180.8
Gp4_DQ631913 1780 1790 9809.1
Gp4_DQ631913 1790 1800 9558.2
Gp4_DQ631913 1800 1810 8518.9
Gp4_DQ631913 1810 1820 6166.6
Gp4_DQ631913 1820 1830 850.3
Gp4_DQ631913 1830 1840 291.3
Gp4_DQ631913 1840 1850 3532.0
Gp4_DQ631913 1850 1860 5824.8
Gp4_DQ631913 1860 1870 7232.4
Gp4_DQ631913 1870 1880 8793.6
Gp4_DQ631913 1880 1890 10203.0
Gp4_DQ631913 1890 1900 12445.3
Gp4_DQ631913 1900 1910 14127.7
Gp4_DQ631913 1910 1920 15849.1
Gp4_DQ631913 1920 1930 16392.1
Gp4_DQ631913 1930 1940 14537.2
Gp4_DQ631913 1940 1950 12701.8
Gp4_DQ631913 1950 1960 11075.7
Gp4_DQ631913 1960 1970 9527.1
Gp4_DQ631913 1970 1980 7611.9
Gp4_DQ631913 1980 1990 5604.3
Gp4_DQ631913 1990 2000 368.5
Gp4_DQ631913 2000 2010 312.9
Gp4_DQ631913 2010 2020 8621.0
Gp4_DQ631913 2020 2030 10211.0
Gp4_DQ631913 2030 2040 11502.2
Gp4_DQ631913 2040 2050 13011.1
Gp4_DQ631913 2050 2060 14280.5
Gp4_DQ631913 2060 2070 14300.2
Gp4_DQ631913 2070 2080 12722.0
Gp4_DQ631913 2080 2090 13806.1
Gp4_DQ631913 2090 2100 14140.5
Gp4_DQ631913 2100 2110 14071.0
Gp4_DQ631913 2110 2120 14136.9
Gp4_DQ631913 2120 2130 15150.7
Gp4_DQ631913 2130 2140 15282.9
Gp4_DQ631913 2140 2150 15130.0
Gp4_DQ631913 2150 2160 14912.5
Gp4_DQ631913 2160 2170 11682.3
Gp4_DQ631913 2170 2180 9321.2
Gp4_DQ631913 2180 2190 10743.0
Gp4_DQ631913 2190 2200 13660.6
Gp4_DQ631913 2200 2210 13913.9
Gp4_DQ631913 2210 2220 11650.2
Gp4_DQ631913 2220 2230 10734.8
Gp4_DQ631913 2230 2240 13457.7
Gp4_DQ631913 2240 2250 13869.9
Gp4_DQ631913 2250 2260 13835.0
Gp4_DQ631913 2260 2270 13756.5
Gp4_DQ631913 2270 2280 13826.1
Gp4_DQ631913 2280 2290 12954.4
Gp4_DQ631913 2290 2300 12948.3
Gp4_DQ631913 2300 2310 13884.8
Gp4_DQ631913 2310 2320 13924.2
Gp4_DQ631913 2320 2330 13785.3
Gp4_DQ631913 2330 2340 13663.0
Gp4_DQ631913 2340 2350 13650.3
Gp4_DQ631913 2350 2360 13595.3
Gp4_DQ631913 2360 2370 12866.3
Gp4_DQ631913 2370 2380 13082.9
Gp4_DQ631913 2380 2390 13390.2
Gp4_DQ631913 2390 2400 13565.2
Gp4_DQ631913 2400 2410 13519.6
Gp4_DQ631913 2410 2420 13701.7
Gp4_DQ631913 2420 2430 13685.1
Gp4_DQ631913 2430 2440 13442.8
Gp4_DQ631913 2440 2450 13337.7
Gp4_DQ631913 2450 2460 13254.4
Gp4_DQ631913 2460 2470 13249.9
Gp4_DQ631913 2470 2480 13489.1
Gp4_DQ631913 2480 2490 12697.8
Gp4_DQ631913 2490 2500 11146.0
Gp4_DQ631913 2500 2510 9398.9
Gp4_DQ631913 2510 2520 7503.2
Gp4_DQ631913 2520 2530 2.0
Gp4_DQ631913 2530 2540 1.3
Gp4_DQ631913 2540 2550 1.0
Gp4_DQ631913 2550 2560 1.0
Gp4_DQ631913 2560 2570 1.0
Gp4_DQ631913 2570 2580 1.0
Gp4_DQ631913 2580 2590 737.9
Gp4_DQ631913 2590 2600 1240.2
Gp4_DQ631913 2600 2610 1249.0
Gp4_DQ631913 2610 2620 1254.8
Gp4_DQ631913 2620 2630 1142.4
Gp4_DQ631913 2630 2640 606.9
Gp4_DQ631913 2640 2650 346.0
Gp4_DQ631913 2650 2660 284.6
Gp4_DQ631913 2660 2670 282.2
Gp4_DQ631913 2670 2680 254.8
Gp4_DQ631913 2680 2690 216.8
Gp4_DQ631913 2690 2700 151.0
Gp4_DQ631913 2700 2710 1.0
Gp4_DQ631913 2710 2720 1.0
Gp4_DQ631913 2720 2730 1.0
Gp4_DQ631913 2730 2740 1.0
Gp4_DQ631913 2740 2750 1.0
Gp4_DQ631913 2750 2760 1.6
Gp4_DQ631913 2760 2770 3.0
Gp4_DQ631913 2770 2780 3.0
Gp4_DQ631913 2780 2790 3.0
Gp4_DQ631913 2790 2800 2.2
Gp4_DQ631913 2800 2810 1.0
Gp4_DQ631913 2810 2820 1.0
Gp4_DQ631913 2820 2830 1.0
Gp4_DQ631913 2830 2840 1.0
Gp4_DQ631913 2840 2850 1.0
Gp4_DQ631913 2850 2860 1.0
Gp4_DQ631913 2860 2870 1.0
Gp4_DQ631913 2870 2880 1.0
Gp4_DQ631913 2880 2890 1.0
Gp4_DQ631913 2890 2900 1.0
Gp4_DQ631913 2900 2910 1.0
Gp4_DQ631913 2910 2920 1.0
Gp4_DQ631913 2920 2930 1.0
Gp4_DQ631913 2930 2940 1.1
Gp4_DQ631913 2940 2950 2.0
Gp4_DQ631913 2950 2960 2.0
Gp4_DQ631913 2960 2970 2.0
Gp4_DQ631913 2970 2980 2.0
Gp4_DQ631913 2980 2990 2.0
Gp4_DQ631913 2990 3000 1.9
Gp4_DQ631913 3000 3010 1.0
Gp4_DQ631913 3010 3020 1.0
Gp4_DQ631913 3020 3030 1.0
Gp4_DQ631913 3030 3040 1.0
Gp4_DQ631913 3040 3050 1.0
Gp4_DQ631913 3050 3060 1.0
Gp4_DQ631913 3060 3070 1.0
Gp4_DQ631913 3070 3080 1.0
Gp4_DQ631913 3080 3090 1.0
Gp4_DQ631913 3090 3100 1.0
Gp4_DQ631913 3100 3110 1.0
Gp4_DQ631913 3110 3120 1.0
Gp4_DQ631913 3120 3130 1.0
Gp4_DQ631913 3130 3139 1.0
Gp5_DQ631914 0 10 774.4
Gp5_DQ631914 10 20 2088.3
Gp5_DQ631914 20 30 2400.4
Gp5_DQ631914 30 40 2622.6
Gp5_DQ631914 40 50 2496.1
Gp5_DQ631914 50 60 2232.1
Gp5_DQ631914 60 70 1981.6
Gp5_DQ631914 70 80 1464.9
Gp5_DQ631914 80 90 1141.0
Gp5_DQ631914 90 100 841.2
Gp5_DQ631914 100 110 575.4
Gp5_DQ631914 110 120 431.8
Gp5_DQ631914 120 130 186.2
Gp5_DQ631914 130 140 2.9
Gp5_DQ631914 140 150 19.6
Gp5_DQ631914 150 160 24.0
Gp5_DQ631914 160 170 35.7
Gp5_DQ631914 170 180 755.3
Gp5_DQ631914 180 190 1225.4
Gp5_DQ631914 190 200 1635.2
Gp5_DQ631914 200 210 1968.7
Gp5_DQ631914 210 220 2335.2
Gp5_DQ631914 220 230 2624.7
Gp5_DQ631914 230 240 2653.0
Gp5_DQ631914 240 250 2483.9
Gp5_DQ631914 250 260 2163.6
Gp5_DQ631914 260 270 1868.7
Gp5_DQ631914 270 280 1552.0
Gp5_DQ631914 280 290 952.8
Gp5_DQ631914 290 300 2851.5
Gp5_DQ631914 300 310 15101.2
Gp5_DQ631914 310 320 15840.8
Gp5_DQ631914 320 330 15782.5
Gp5_DQ631914 330 340 14212.9
Gp5_DQ631914 340 350 3812.8
Gp5_DQ631914 350 360 2.0
Gp5_DQ631914 360 370 1.5
Gp5_DQ631914 370 380 1.0
Gp5_DQ631914 380 390 1.0
Gp5_DQ631914 390 400 1.0
Gp5_DQ631914 400 410 1.0
Gp5_DQ631914 410 420 1.0
Gp5_DQ631914 420 430 1.0
Gp5_DQ631914 430 440 1.0
Gp5_DQ631914 440 450 1.0
Gp5_DQ631914 450 460 1.0
Gp5_DQ631914 460 470 1.0
Gp5_DQ631914 470 480 1.0
Gp5_DQ631914 480 490 1.0
Gp5_DQ631914 490 500 1.0
Gp5_DQ631914 500 510 1.0
Gp5_DQ631914 510 520 1.0
Gp5_DQ631914 520 530 1.0
Gp5_DQ631914 530 540 1.0
Gp5_DQ631914 540 550 1.0
Gp5_DQ631914 550 560 1.0
Gp5_DQ631914 560 570 1.0
Gp5_DQ631914 570 580 1.0
Gp5_DQ631914 580 590 1.0
Gp5_DQ631914 590 600 1.0
Gp5_DQ631914 600 610 1.0
Gp5_DQ631914 610 614 1.0
Gr1_EF193005 0 10 12583.2
Gr1_EF193005 10 20 14290.7
Gr1_EF193005 20 30 15692.4
Gr1_EF193005 30 40 16125.1
Gr1_EF193005 40 50 15896.5
Gr1_EF193005 50 60 15626.9
Gr1_EF193005 60 70 15768.9
Gr1_EF193005 70 80 15616.8
Gr1_EF193005 80 90 15368.1
Gr1_EF193005 90 100 14068.5
Gr1_EF193005 100 110 14424.1
Gr1_EF193005 110 120 24753.1
Gr1_EF193005 120 130 47406.5
Gr1_EF193005 130 140 51307.2
Gr1_EF193005 140 150 51918.2
Gr1_EF193005 150 160 50040.3
Gr1_EF193005 160 170 27899.0
Gr1_EF193005 170 180 15152.5
Gr1_EF193005 180 190 15780.2
Gr1_EF193005 190 200 16418.5
Gr1_EF193005 200 210 17023.7
Gr1_EF193005 210 220 18128.9
Gr1_EF193005 220 230 18595.5
Gr1_EF193005 230 240 18520.3
Gr1_EF193005 240 250 18988.1
Gr1_EF193005 250 260 18991.0
Gr1_EF193005 260 270 19041.7
Gr1_EF193005 270 280 18827.5
Gr1_EF193005 280 290 18768.1
Gr1_EF193005 290 300 18770.6
Gr1_EF193005 300 310 18621.0
Gr1_EF193005 310 320 18334.9
Gr1_EF193005 320 330 17829.5
Gr1_EF193005 330 340 16810.9
Gr1_EF193005 340 350 15812.3
Gr1_EF193005 350 360 14944.6
Gr1_EF193005 360 370 14148.6
Gr1_EF193005 370 380 13473.7
Gr1_EF193005 380 390 12558.8
Gr1_EF193005 390 400 11944.7
Gr1_EF193005 400 410 13177.7
Gr1_EF193005 410 420 13918.1
Gr1_EF193005 420 430 10094.2
Gr1_EF193005 430 440 13247.6
Gr1_EF193005 440 450 14089.6
Gr1_EF193005 450 460 14606.2
Gr1_EF193005 460 470 14363.6
Gr1_EF193005 470 480 13049.4
Gr1_EF193005 480 490 13472.0
Gr1_EF193005 490 500 14166.3
Gr1_EF193005 500 510 14697.3
Gr1_EF193005 510 520 15149.5
Gr1_EF193005 520 530 15238.1
Gr1_EF193005 530 540 15661.3
Gr1_EF193005 540 550 15405.4
Gr1_EF193005 550 560 15412.0
Gr1_EF193005 560 570 15347.2
Gr1_EF193005 570 580 15237.2
Gr1_EF193005 580 590 15198.6
Gr1_EF193005 590 600 15114.3
Gr1_EF193005 600 610 14977.4
Gr1_EF193005 610 620 14498.0
Gr1_EF193005 620 630 16212.6
Gr1_EF193005 630 640 22102.2
Gr1_EF193005 640 650 23473.0
Gr1_EF193005 650 660 19860.4
Gr1_EF193005 660 670 26495.7
Gr1_EF193005 670 680 26434.2
Gr1_EF193005 680 690 27454.2
Gr1_EF193005 690 700 27637.6
Gr1_EF193005 700 710 15660.8
Gr1_EF193005 710 720 12797.9
Gr1_EF193005 720 730 12501.1
Gr1_EF193005 730 740 11634.1
Gr1_EF193005 740 750 10263.1
Gr1_EF193005 750 760 10308.6
Gr1_EF193005 760 770 10956.1
Gr1_EF193005 770 780 11485.0
Gr1_EF193005 780 790 12060.6
Gr1_EF193005 790 800 12654.6
Gr1_EF193005 800 810 13198.3
Gr1_EF193005 810 820 13653.0
Gr1_EF193005 820 830 13777.6
Gr1_EF193005 830 840 13421.8
Gr1_EF193005 840 850 13276.5
Gr1_EF193005 850 860 13486.2
Gr1_EF193005 860 870 13379.3
Gr1_EF193005 870 880 13926.3
Gr1_EF193005 880 890 13872.8
Gr1_EF193005 890 900 14101.2
Gr1_EF193005 900 910 14355.8
Gr1_EF193005 910 920 14515.1
Gr1_EF193005 920 930 14485.9
Gr1_EF193005 930 940 14458.5
Gr1_EF193005 940 950 14363.7
Gr1_EF193005 950 960 14469.9
Gr1_EF193005 960 970 14608.2
Gr1_EF193005 970 980 14457.2
Gr1_EF193005 980 990 14534.5
Gr1_EF193005 990 1000 14182.8
Gr1_EF193005 1000 1010 13928.1
Gr1_EF193005 1010 1020 13870.2
Gr1_EF193005 1020 1030 14041.8
Gr1_EF193005 1030 1040 13965.7
Gr1_EF193005 1040 1050 14107.5
Gr1_EF193005 1050 1060 14276.0
Gr1_EF193005 1060 1070 14354.9
Gr1_EF193005 1070 1080 14500.1
Gr1_EF193005 1080 1090 14419.3
Gr1_EF193005 1090 1100 14654.6
Gr1_EF193005 1100 1110 14915.3
Gr1_EF193005 1110 1120 14675.0
Gr1_EF193005 1120 1130 14712.3
Gr1_EF193005 1130 1140 14567.6
Gr1_EF193005 1140 1150 13909.0
Gr1_EF193005 1150 1160 13196.9
Gr1_EF193005 1160 1170 13061.5
Gr1_EF193005 1170 1180 12868.3
Gr1_EF193005 1180 1190 12936.2
Gr1_EF193005 1190 1200 12830.1
Gr1_EF193005 1200 1210 12882.7
Gr1_EF193005 1210 1220 12928.2
Gr1_EF193005 1220 1230 12959.4
Gr1_EF193005 1230 1240 13197.0
Gr1_EF193005 1240 1250 13285.7
Gr1_EF193005 1250 1260 13202.5
Gr1_EF193005 1260 1270 13074.1
Gr1_EF193005 1270 1280 13004.5
Gr1_EF193005 1280 1290 13041.9
Gr1_EF193005 1290 1300 13110.4
Gr1_EF193005 1300 1310 13091.7
Gr1_EF193005 1310 1320 13059.4
Gr1_EF193005 1320 1330 12775.8
Gr1_EF193005 1330 1340 12693.2
Gr1_EF193005 1340 1350 12505.7
Gr1_EF193005 1350 1360 12714.5
Gr1_EF193005 1360 1370 12812.9
Gr1_EF193005 1370 1380 12814.1
Gr1_EF193005 1380 1390 12994.7
Gr1_EF193005 1390 1400 13059.8
Gr1_EF193005 1400 1410 13122.2
Gr1_EF193005 1410 1420 13203.5
Gr1_EF193005 1420 1430 13097.7
Gr1_EF193005 1430 1440 12718.4
Gr1_EF193005 1440 1450 12750.2
Gr1_EF193005 1450 1460 12438.6
Gr1_EF193005 1460 1470 12280.8
Gr1_EF193005 1470 1480 12128.3
Gr1_EF193005 1480 1490 12242.1
Gr1_EF193005 1490 1500 12333.5
Gr1_EF193005 1500 1510 12281.8
Gr1_EF193005 1510 1520 12191.2
Gr1_EF193005 1520 1530 12310.3
Gr1_EF193005 1530 1540 12464.4
Gr1_EF193005 1540 1550 12343.6
Gr1_EF193005 1550 1560 12277.9
Gr1_EF193005 1560 1570 12346.0
Gr1_EF193005 1570 1580 12354.9
Gr1_EF193005 1580 1590 12308.2
Gr1_EF193005 1590 1600 12349.0
Gr1_EF193005 1600 1610 12461.8
Gr1_EF193005 1610 1620 12407.0
Gr1_EF193005 1620 1630 12333.3
Gr1_EF193005 1630 1640 12254.0
Gr1_EF193005 1640 1650 12069.6
Gr1_EF193005 1650 1660 11716.8
Gr1_EF193005 1660 1670 11508.2
Gr1_EF193005 1670 1680 11333.5
Gr1_EF193005 1680 1690 11289.2
Gr1_EF193005 1690 1700 11121.7
Gr1_EF193005 1700 1710 11132.8
Gr1_EF193005 1710 1720 11315.7
Gr1_EF193005 1720 1730 11162.8
Gr1_EF193005 1730 1740 11073.7
Gr1_EF193005 1740 1750 11188.5
Gr1_EF193005 1750 1760 11237.1
Gr1_EF193005 1760 1770 11118.5
Gr1_EF193005 1770 1780 11069.1
Gr1_EF193005 1780 1790 11084.3
Gr1_EF193005 1790 1800 11197.0
Gr1_EF193005 1800 1810 11006.4
Gr1_EF193005 1810 1820 11039.8
Gr1_EF193005 1820 1830 11212.8
Gr1_EF193005 1830 1840 11251.2
Gr1_EF193005 1840 1850 11384.2
Gr1_EF193005 1850 1860 11550.3
Gr1_EF193005 1860 1870 11789.6
Gr1_EF193005 1870 1880 11818.0
Gr1_EF193005 1880 1890 11847.8
Gr1_EF193005 1890 1900 11922.3
Gr1_EF193005 1900 1910 11896.9
Gr1_EF193005 1910 1920 11945.5
Gr1_EF193005 1920 1930 12087.3
Gr1_EF193005 1930 1940 12054.8
Gr1_EF193005 1940 1950 11971.5
Gr1_EF193005 1950 1960 11892.3
Gr1_EF193005 1960 1970 12030.8
Gr1_EF193005 1970 1980 12163.1
Gr1_EF193005 1980 1990 12354.0
Gr1_EF193005 1990 2000 12467.1
Gr1_EF193005 2000 2010 12719.0
Gr1_EF193005 2010 2020 12875.3
Gr1_EF193005 2020 2030 13136.3
Gr1_EF193005 2030 2040 13423.1
Gr1_EF193005 2040 2050 13771.9
Gr1_EF193005 2050 2060 14136.8
Gr1_EF193005 2060 2070 14168.8
Gr1_EF193005 2070 2080 14319.7
Gr1_EF193005 2080 2090 14703.8
Gr1_EF193005 2090 2100 15095.3
Gr1_EF193005 2100 2110 15107.3
Gr1_EF193005 2110 2120 15199.4
Gr1_EF193005 2120 2130 15358.1
Gr1_EF193005 2130 2140 15409.8
Gr1_EF193005 2140 2150 15407.9
Gr1_EF193005 2150 2160 15665.6
Gr1_EF193005 2160 2170 15498.4
Gr1_EF193005 2170 2180 15436.6
Gr1_EF193005 2180 2190 15433.6
Gr1_EF193005 2190 2200 15621.3
Gr1_EF193005 2200 2210 15998.6
Gr1_EF193005 2210 2220 16049.4
Gr1_EF193005 2220 2230 16020.4
Gr1_EF193005 2230 2240 15978.1
Gr1_EF193005 2240 2250 15948.9
Gr1_EF193005 2250 2260 15764.3
Gr1_EF193005 2260 2270 15773.3
Gr1_EF193005 2270 2280 15815.4
Gr1_EF193005 2280 2290 15540.9
Gr1_EF193005 2290 2300 15474.1
Gr1_EF193005 2300 2310 15199.2
Gr1_EF193005 2310 2320 15138.2
Gr1_EF193005 2320 2330 15173.7
Gr1_EF193005 2330 2340 15247.5
Gr1_EF193005 2340 2350 15485.1
Gr1_EF193005 2350 2360 15534.7
Gr1_EF193005 2360 2370 15413.0
Gr1_EF193005 2370 2380 15556.4
Gr1_EF193005 2380 2390 15486.7
Gr1_EF193005 2390 2400 15129.3
Gr1_EF193005 2400 2410 15042.5
Gr1_EF193005 2410 2420 14983.3
Gr1_EF193005 2420 2430 14707.3
Gr1_EF193005 2430 2440 14309.7
Gr1_EF193005 2440 2450 14172.0
Gr1_EF193005 2450 2460 14417.6
Gr1_EF193005 2460 2470 14656.8
Gr1_EF193005 2470 2480 14911.6
Gr1_EF193005 2480 2490 14722.9
Gr1_EF193005 2490 2500 14542.6
Gr1_EF193005 2500 2510 14334.7
Gr1_EF193005 2510 2520 14159.4
Gr1_EF193005 2520 2530 13974.6
Gr1_EF193005 2530 2540 13907.7
Gr1_EF193005 2540 2550 13482.3
Gr1_EF193005 2550 2560 13017.5
Gr1_EF193005 2560 2570 12723.3
Gr1_EF193005 2570 2580 12687.4
Gr1_EF193005 2580 2590 12677.1
Gr1_EF193005 2590 2600 12510.3
Gr1_EF193005 2600 2610 12420.1
Gr1_EF193005 2610 2620 12584.2
Gr1_EF193005 2620 2630 12894.1
Gr1_EF193005 2630 2640 13078.0
Gr1_EF193005 2640 2650 13311.4
Gr1_EF193005 2650 2660 13254.5
Gr1_EF193005 2660 2670 13275.5
Gr1_EF193005 2670 2680 12895.6
Gr1_EF193005 2680 2690 12753.8
Gr1_EF193005 2690 2700 12767.8
Gr1_EF193005 2700 2710 12723.3
Gr1_EF193005 2710 2720 12730.7
Gr1_EF193005 2720 2730 12865.9
Gr1_EF193005 2730 2740 12910.8
Gr1_EF193005 2740 2750 12903.9
Gr1_EF193005 2750 2760 12941.1
Gr1_EF193005 2760 2770 12987.0
Gr1_EF193005 2770 2780 13132.6
Gr1_EF193005 2780 2790 13197.2
Gr1_EF193005 2790 2800 13518.1
Gr1_EF193005 2800 2810 13747.6
Gr1_EF193005 2810 2820 13698.0
Gr1_EF193005 2820 2830 13588.6
Gr1_EF193005 2830 2840 13517.3
Gr1_EF193005 2840 2850 13575.7
Gr1_EF193005 2850 2860 13722.7
Gr1_EF193005 2860 2870 13809.7
Gr1_EF193005 2870 2880 13712.7
Gr1_EF193005 2880 2890 13742.8
Gr1_EF193005 2890 2900 13617.0
Gr1_EF193005 2900 2910 13529.1
Gr1_EF193005 2910 2920 13704.4
Gr1_EF193005 2920 2930 13814.0
Gr1_EF193005 2930 2940 13902.7
Gr1_EF193005 2940 2950 13826.7
Gr1_EF193005 2950 2960 13800.2
Gr1_EF193005 2960 2970 13855.3
Gr1_EF193005 2970 2980 14051.2
Gr1_EF193005 2980 2990 14131.4
Gr1_EF193005 2990 3000 13938.0
Gr1_EF193005 3000 3010 13684.3
Gr1_EF193005 3010 3020 13516.1
Gr1_EF193005 3020 3030 13561.1
Gr1_EF193005 3030 3040 13814.2
Gr1_EF193005 3040 3050 13984.6
Gr1_EF193005 3050 3060 14405.1
Gr1_EF193005 3060 3070 14441.7
Gr1_EF193005 3070 3080 14492.4
Gr1_EF193005 3080 3090 14685.4
Gr1_EF193005 3090 3100 14793.2
Gr1_EF193005 3100 3110 14760.8
Gr1_EF193005 3110 3120 14640.9
Gr1_EF193005 3120 3130 14523.1
Gr1_EF193005 3130 3140 14388.1
Gr1_EF193005 3140 3150 14174.5
Gr1_EF193005 3150 3160 14053.0
Gr1_EF193005 3160 3170 14359.7
Gr1_EF193005 3170 3180 14146.2
Gr1_EF193005 3180 3190 13984.8
Gr1_EF193005 3190 3200 12905.0
Gr1_EF193005 3200 3210 14267.7
Gr1_EF193005 3210 3220 14457.0
Gr1_EF193005 3220 3230 14432.0
Gr1_EF193005 3230 3240 14383.6
Gr1_EF193005 3240 3250 14514.6
Gr1_EF193005 3250 3260 14249.1
Gr1_EF193005 3260 3270 14165.2
Gr1_EF193005 3270 3280 14228.9
Gr1_EF193005 3280 3290 14206.5
Gr1_EF193005 3290 3300 13986.2
Gr1_EF193005 3300 3310 14187.1
Gr1_EF193005 3310 3320 14396.6
Gr1_EF193005 3320 3330 14374.4
Gr1_EF193005 3330 3340 14550.2
Gr1_EF193005 3340 3350 14363.3
Gr1_EF193005 3350 3360 14362.5
Gr1_EF193005 3360 3370 14249.0
Gr1_EF193005 3370 3380 14308.4
Gr1_EF193005 3380 3390 14390.3
Gr1_EF193005 3390 3400 14498.7
Gr1_EF193005 3400 3410 14586.0
Gr1_EF193005 3410 3420 14675.6
Gr1_EF193005 3420 3430 14654.5
Gr1_EF193005 3430 3440 14469.3
Gr1_EF193005 3440 3450 14550.0
Gr1_EF193005 3450 3460 14591.1
Gr1_EF193005 3460 3470 14541.9
Gr1_EF193005 3470 3480 14622.0
Gr1_EF193005 3480 3490 14735.7
Gr1_EF193005 3490 3500 14584.5
Gr1_EF193005 3500 3510 14464.0
Gr1_EF193005 3510 3520 14559.6
Gr1_EF193005 3520 3530 14711.9
Gr1_EF193005 3530 3540 14729.3
Gr1_EF193005 3540 3550 14608.3
Gr1_EF193005 3550 3560 14702.8
Gr1_EF193005 3560 3570 14705.0
Gr1_EF193005 3570 3580 14766.0
Gr1_EF193005 3580 3590 14731.3
Gr1_EF193005 3590 3600 14874.4
Gr1_EF193005 3600 3610 15009.3
Gr1_EF193005 3610 3620 15324.0
Gr1_EF193005 3620 3630 15799.0
Gr1_EF193005 3630 3640 15887.7
Gr1_EF193005 3640 3650 15942.4
Gr1_EF193005 3650 3660 16090.4
Gr1_EF193005 3660 3670 16122.3
Gr1_EF193005 3670 3680 16151.7
Gr1_EF193005 3680 3690 16046.7
Gr1_EF193005 3690 3700 16074.3
Gr1_EF193005 3700 3710 16201.3
Gr1_EF193005 3710 3720 16132.4
Gr1_EF193005 3720 3730 15937.2
Gr1_EF193005 3730 3740 15852.7
Gr1_EF193005 3740 3750 15853.7
Gr1_EF193005 3750 3760 15776.8
Gr1_EF193005 3760 3770 16191.0
Gr1_EF193005 3770 3780 16077.1
Gr1_EF193005 3780 3790 15984.9
Gr1_EF193005 3790 3800 15802.1
Gr1_EF193005 3800 3810 15721.4
Gr1_EF193005 3810 3820 15624.6
Gr1_EF193005 3820 3830 15798.9
Gr1_EF193005 3830 3840 15526.5
Gr1_EF193005 3840 3850 15582.2
Gr1_EF193005 3850 3860 15368.3
Gr1_EF193005 3860 3870 15284.1
Gr1_EF193005 3870 3880 15546.2
Gr1_EF193005 3880 3890 15930.0
Gr1_EF193005 3890 3900 16133.8
Gr1_EF193005 3900 3910 16307.3
Gr1_EF193005 3910 3920 16198.5
Gr1_EF193005 3920 3930 16393.9
Gr1_EF193005 3930 3940 16619.0
Gr1_EF193005 3940 3950 16460.5
Gr1_EF193005 3950 3960 16606.8
Gr1_EF193005 3960 3970 16404.3
Gr1_EF193005 3970 3980 16558.2
Gr1_EF193005 3980 3990 16895.3
Gr1_EF193005 3990 4000 16823.7
Gr1_EF193005 4000 4010 16792.6
Gr1_EF193005 4010 4020 16814.1
Gr1_EF193005 4020 4030 16592.8
Gr1_EF193005 4030 4040 16634.2
Gr1_EF193005 4040 4050 16510.2
Gr1_EF193005 4050 4060 16411.4
Gr1_EF193005 4060 4070 16189.2
Gr1_EF193005 4070 4080 16024.0
Gr1_EF193005 4080 4090 18233.3
Gr1_EF193005 4090 4100 18724.5
Gr1_EF193005 4100 4110 18581.3
Gr1_EF193005 4110 4120 18835.1
Gr1_EF193005 4120 4130 18860.1
Gr1_EF193005 4130 4140 15875.3
Gr1_EF193005 4140 4150 15993.2
Gr1_EF193005 4150 4160 15905.7
Gr1_EF193005 4160 4170 15956.5
Gr1_EF193005 4170 4180 15903.3
Gr1_EF193005 4180 4190 15790.2
Gr1_EF193005 4190 4200 15853.6
Gr1_EF193005 4200 4210 16192.8
Gr1_EF193005 4210 4220 16520.9
Gr1_EF193005 4220 4230 16779.5
Gr1_EF193005 4230 4240 16841.1
Gr1_EF193005 4240 4250 16730.0
Gr1_EF193005 4250 4260 16544.8
Gr1_EF193005 4260 4270 16454.4
Gr1_EF193005 4270 4280 16263.2
Gr1_EF193005 4280 4290 16091.1
Gr1_EF193005 4290 4300 16109.6
Gr1_EF193005 4300 4310 16197.4
Gr1_EF193005 4310 4320 16235.0
Gr1_EF193005 4320 4330 15969.2
Gr1_EF193005 4330 4340 16033.5
Gr1_EF193005 4340 4350 15865.8
Gr1_EF193005 4350 4360 16004.2
Gr1_EF193005 4360 4370 16088.1
Gr1_EF193005 4370 4380 16413.4
Gr1_EF193005 4380 4390 16333.0
Gr1_EF193005 4390 4400 16331.3
Gr1_EF193005 4400 4410 15958.3
Gr1_EF193005 4410 4420 15438.0
Gr1_EF193005 4420 4430 15474.5
Gr1_EF193005 4430 4440 15486.6
Gr1_EF193005 4440 4450 15467.8
Gr1_EF193005 4450 4460 15262.8
Gr1_EF193005 4460 4470 14802.6
Gr1_EF193005 4470 4480 14398.2
Gr1_EF193005 4480 4490 14397.4
Gr1_EF193005 4490 4500 14497.5
Gr1_EF193005 4500 4510 14547.2
Gr1_EF193005 4510 4520 14547.2
Gr1_EF193005 4520 4530 14474.3
Gr1_EF193005 4530 4540 14542.6
Gr1_EF193005 4540 4550 14513.9
Gr1_EF193005 4550 4560 14383.1
Gr1_EF193005 4560 4570 14258.5
Gr1_EF193005 4570 4580 14008.7
Gr1_EF193005 4580 4590 13932.6
Gr1_EF193005 4590 4600 13629.7
Gr1_EF193005 4600 4610 13347.6
Gr1_EF193005 4610 4620 13514.8
Gr1_EF193005 4620 4630 13508.8
Gr1_EF193005 4630 4640 13376.1
Gr1_EF193005 4640 4650 13327.7
Gr1_EF193005 4650 4660 13370.5
Gr1_EF193005 4660 4670 13655.8
Gr1_EF193005 4670 4680 13731.6
Gr1_EF193005 4680 4690 13416.0
Gr1_EF193005 4690 4700 13384.3
Gr1_EF193005 4700 4710 13167.5
Gr1_EF193005 4710 4720 12684.6
Gr1_EF193005 4720 4730 12274.3
Gr1_EF193005 4730 4740 11932.8
Gr1_EF193005 4740 4750 11439.5
Gr1_EF193005 4750 4760 11072.4
Gr1_EF193005 4760 4770 11025.6
Gr1_EF193005 4770 4780 11142.8
Gr1_EF193005 4780 4790 10835.9
Gr1_EF193005 4790 4800 10530.8
Gr1_EF193005 4800 4810 11830.4
Gr1_EF193005 4810 4820 11867.9
Gr1_EF193005 4820 4830 11667.6
Gr1_EF193005 4830 4840 11700.8
Gr1_EF193005 4840 4850 11772.0
Gr1_EF193005 4850 4860 11529.4
Gr1_EF193005 4860 4870 11246.5
Gr1_EF193005 4870 4880 11210.1
Gr1_EF193005 4880 4890 11118.4
Gr1_EF193005 4890 4900 11018.3
Gr1_EF193005 4900 4910 10616.6
Gr1_EF193005 4910 4920 10776.8
Gr1_EF193005 4920 4930 10549.4
Gr1_EF193005 4930 4940 10236.3
Gr1_EF193005 4940 4950 10205.3
Gr1_EF193005 4950 4960 10274.9
Gr1_EF193005 4960 4970 10296.2
Gr1_EF193005 4970 4980 10222.6
Gr1_EF193005 4980 4990 10139.6
Gr1_EF193005 4990 5000 9956.1
Gr1_EF193005 5000 5010 9798.6
Gr1_EF193005 5010 5020 9546.4
Gr1_EF193005 5020 5030 9469.2
Gr1_EF193005 5030 5040 9234.5
Gr1_EF193005 5040 5050 8920.5
Gr1_EF193005 5050 5060 8756.7
Gr1_EF193005 5060 5070 8536.9
Gr1_EF193005 5070 5080 8366.5
Gr1_EF193005 5080 5090 8227.1
Gr1_EF193005 5090 5100 8122.7
Gr1_EF193005 5100 5110 8004.9
Gr1_EF193005 5110 5120 7843.1
Gr1_EF193005 5120 5130 7674.4
Gr1_EF193005 5130 5140 7679.6
Gr1_EF193005 5140 5150 7674.6
Gr1_EF193005 5150 5160 7534.0
Gr1_EF193005 5160 5170 7330.6
Gr1_EF193005 5170 5180 7364.3
Gr1_EF193005 5180 5190 7395.7
Gr1_EF193005 5190 5200 7380.8
Gr1_EF193005 5200 5210 7402.6
Gr1_EF193005 5210 5220 7376.6
Gr1_EF193005 5220 5230 7514.5
Gr1_EF193005 5230 5240 7632.2
Gr1_EF193005 5240 5250 7710.6
Gr1_EF193005 5250 5260 7739.4
Gr1_EF193005 5260 5270 7487.3
Gr1_EF193005 5270 5280 7137.9
Gr1_EF193005 5280 5290 6820.7
Gr1_EF193005 5290 5300 6366.6
Gr1_EF193005 5300 5310 5994.6
Gr1_EF193005 5310 5320 5690.4
Gr1_EF193005 5320 5330 5369.5
Gr1_EF193005 5330 5340 5078.2
Gr1_EF193005 5340 5350 4804.0
Gr1_EF193005 5350 5360 5173.9
Gr1_EF193005 5360 5370 6850.1
Gr1_EF193005 5370 5380 7285.5
Gr1_EF193005 5380 5390 7644.6
Gr1_EF193005 5390 5400 7884.4
Gr1_EF193005 5400 5410 7964.6
Gr1_EF193005 5410 5420 8128.2
Gr1_EF193005 5420 5430 8175.8
Gr1_EF193005 5430 5440 8188.7
Gr1_EF193005 5440 5450 8246.0
Gr1_EF193005 5450 5460 8398.8
Gr1_EF193005 5460 5470 8611.5
Gr1_EF193005 5470 5480 8866.4
Gr1_EF193005 5480 5490 9079.9
Gr1_EF193005 5490 5500 9056.7
Gr1_EF193005 5500 5510 9094.1
Gr1_EF193005 5510 5520 9163.3
Gr1_EF193005 5520 5530 9205.3
Gr1_EF193005 5530 5540 9771.9
Gr1_EF193005 5540 5550 18798.6
Gr1_EF193005 5550 5560 28809.8
Gr1_EF193005 5560 5570 31563.7
Gr1_EF193005 5570 5580 33726.7
Gr1_EF193005 5580 5590 37622.1
Gr1_EF193005 5590 5600 46902.7
Gr1_EF193005 5600 5610 48021.5
Gr1_EF193005 5610 5620 49137.8
Gr1_EF193005 5620 5630 49567.1
Gr1_EF193005 5630 5640 50383.0
Gr1_EF193005 5640 5650 50560.7
Gr1_EF193005 5650 5660 48252.1
Gr1_EF193005 5660 5670 49050.9
Gr1_EF193005 5670 5680 47671.4
Gr1_EF193005 5680 5690 48481.4
Gr1_EF193005 5690 5700 48119.1
Gr1_EF193005 5700 5710 47327.5
Gr1_EF193005 5710 5720 47422.8
Gr1_EF193005 5720 5730 47492.8
Gr1_EF193005 5730 5740 46304.4
Gr1_EF193005 5740 5750 45808.6
Gr1_EF193005 5750 5760 45394.8
Gr1_EF193005 5760 5770 44684.2
Gr1_EF193005 5770 5780 44752.3
Gr1_EF193005 5780 5790 45110.2
Gr1_EF193005 5790 5800 45597.5
Gr1_EF193005 5800 5810 45955.4
Gr1_EF193005 5810 5820 45736.9
Gr1_EF193005 5820 5830 45094.0
Gr1_EF193005 5830 5840 45075.5
Gr1_EF193005 5840 5850 44304.7
Gr1_EF193005 5850 5860 44017.3
Gr1_EF193005 5860 5870 43572.4
Gr1_EF193005 5870 5880 43161.8
Gr1_EF193005 5880 5890 42604.2
Gr1_EF193005 5890 5900 43040.3
Gr1_EF193005 5900 5910 42955.4
Gr1_EF193005 5910 5920 43151.6
Gr1_EF193005 5920 5930 43616.5
Gr1_EF193005 5930 5940 43629.3
Gr1_EF193005 5940 5950 43809.3
Gr1_EF193005 5950 5960 44437.2
Gr1_EF193005 5960 5970 45051.3
Gr1_EF193005 5970 5980 45652.9
Gr1_EF193005 5980 5990 46453.5
Gr1_EF193005 5990 6000 46561.4
Gr1_EF193005 6000 6010 47324.0
Gr1_EF193005 6010 6020 47104.2
Gr1_EF193005 6020 6030 47605.5
Gr1_EF193005 6030 6040 48034.8
Gr1_EF193005 6040 6050 47794.8
Gr1_EF193005 6050 6060 47750.4
Gr1_EF193005 6060 6070 48447.3
Gr1_EF193005 6070 6080 49246.6
Gr1_EF193005 6080 6090 51202.1
Gr1_EF193005 6090 6100 48465.5
Gr1_EF193005 6100 6110 49766.6
Gr1_EF193005 6110 6120 49675.7
Gr1_EF193005 6120 6130 49036.3
Gr1_EF193005 6130 6140 48468.2
Gr1_EF193005 6140 6150 48840.2
Gr1_EF193005 6150 6160 49524.9
Gr1_EF193005 6160 6170 52145.6
Gr1_EF193005 6170 6180 52224.2
Gr1_EF193005 6180 6190 51279.1
Gr1_EF193005 6190 6200 50691.9
Gr1_EF193005 6200 6210 50908.1
Gr1_EF193005 6210 6220 50227.0
Gr1_EF193005 6220 6230 48460.9
Gr1_EF193005 6230 6240 48402.2
Gr1_EF193005 6240 6250 49233.6
Gr1_EF193005 6250 6260 49004.0
Gr1_EF193005 6260 6270 48475.1
Gr1_EF193005 6270 6280 48485.0
Gr1_EF193005 6280 6290 47349.0
Gr1_EF193005 6290 6300 46876.3
Gr1_EF193005 6300 6310 46021.3
Gr1_EF193005 6310 6320 43303.2
Gr1_EF193005 6320 6330 42274.6
Gr1_EF193005 6330 6340 41650.2
Gr1_EF193005 6340 6350 42021.1
Gr1_EF193005 6350 6360 42616.3
Gr1_EF193005 6360 6370 43335.9
Gr1_EF193005 6370 6380 43193.0
Gr1_EF193005 6380 6390 43383.1
Gr1_EF193005 6390 6400 43361.6
Gr1_EF193005 6400 6410 43108.9
Gr1_EF193005 6410 6420 42987.5
Gr1_EF193005 6420 6430 43261.6
Gr1_EF193005 6430 6440 43673.4
Gr1_EF193005 6440 6450 43582.4
Gr1_EF193005 6450 6460 43260.9
Gr1_EF193005 6460 6470 42673.9
Gr1_EF193005 6470 6480 43004.2
Gr1_EF193005 6480 6490 43923.2
Gr1_EF193005 6490 6500 43714.5
Gr1_EF193005 6500 6510 43168.7
Gr1_EF193005 6510 6520 42972.3
Gr1_EF193005 6520 6530 42984.5
Gr1_EF193005 6530 6540 42462.2
Gr1_EF193005 6540 6550 42375.2
Gr1_EF193005 6550 6560 42231.8
Gr1_EF193005 6560 6570 41984.0
Gr1_EF193005 6570 6580 41626.6
Gr1_EF193005 6580 6590 41604.9
Gr1_EF193005 6590 6600 41484.2
Gr1_EF193005 6600 6610 41906.2
Gr1_EF193005 6610 6620 41640.6
Gr1_EF193005 6620 6630 41595.3
Gr1_EF193005 6630 6640 42026.4
Gr1_EF193005 6640 6650 43149.0
Gr1_EF193005 6650 6660 43729.3
Gr1_EF193005 6660 6670 44414.7
Gr1_EF193005 6670 6680 44921.0
Gr1_EF193005 6680 6690 44755.3
Gr1_EF193005 6690 6700 44815.8
Gr1_EF193005 6700 6710 44754.8
Gr1_EF193005 6710 6720 45142.0
Gr1_EF193005 6720 6730 45025.4
Gr1_EF193005 6730 6740 45201.9
Gr1_EF193005 6740 6750 44379.1
Gr1_EF193005 6750 6760 43518.2
Gr1_EF193005 6760 6770 43054.5
Gr1_EF193005 6770 6780 42667.0
Gr1_EF193005 6780 6790 42308.8
Gr1_EF193005 6790 6800 41908.4
Gr1_EF193005 6800 6810 41597.5
Gr1_EF193005 6810 6820 41632.9
Gr1_EF193005 6820 6830 41472.2
Gr1_EF193005 6830 6840 41544.6
Gr1_EF193005 6840 6850 41753.8
Gr1_EF193005 6850 6860 41712.0
Gr1_EF193005 6860 6870 42005.7
Gr1_EF193005 6870 6880 41747.7
Gr1_EF193005 6880 6890 41781.1
Gr1_EF193005 6890 6900 41884.6
Gr1_EF193005 6900 6910 41896.1
Gr1_EF193005 6910 6920 42004.7
Gr1_EF193005 6920 6930 42977.4
Gr1_EF193005 6930 6940 42948.8
Gr1_EF193005 6940 6950 43035.7
Gr1_EF193005 6950 6960 43730.0
Gr1_EF193005 6960 6970 44315.8
Gr1_EF193005 6970 6980 45098.7
Gr1_EF193005 6980 6990 45612.2
Gr1_EF193005 6990 7000 46151.6
Gr1_EF193005 7000 7010 47005.8
Gr1_EF193005 7010 7020 47094.7
Gr1_EF193005 7020 7030 47699.1
Gr1_EF193005 7030 7040 48324.8
Gr1_EF193005 7040 7050 48472.4
Gr1_EF193005 7050 7060 47995.9
Gr1_EF193005 7060 7070 47961.8
Gr1_EF193005 7070 7080 47786.7
Gr1_EF193005 7080 7090 47417.4
Gr1_EF193005 7090 7100 47612.7
Gr1_EF193005 7100 7110 47467.1
Gr1_EF193005 7110 7120 47264.2
Gr1_EF193005 7120 7130 45888.0
Gr1_EF193005 7130 7140 45357.1
Gr1_EF193005 7140 7150 44928.6
Gr1_EF193005 7150 7160 44746.1
Gr1_EF193005 7160 7170 44979.3
Gr1_EF193005 7170 7180 44744.2
Gr1_EF193005 7180 7190 45233.9
Gr1_EF193005 7190 7200 45167.3
Gr1_EF193005 7200 7210 45048.7
Gr1_EF193005 7210 7220 45272.6
Gr1_EF193005 7220 7230 44877.3
Gr1_EF193005 7230 7240 44264.0
Gr1_EF193005 7240 7250 44902.2
Gr1_EF193005 7250 7260 44672.1
Gr1_EF193005 7260 7270 43942.0
Gr1_EF193005 7270 7280 43651.0
Gr1_EF193005 7280 7290 43249.5
Gr1_EF193005 7290 7300 43354.0
Gr1_EF193005 7300 7310 42879.1
Gr1_EF193005 7310 7320 43035.2
Gr1_EF193005 7320 7330 43580.9
Gr1_EF193005 7330 7340 43322.7
Gr1_EF193005 7340 7350 42193.1
Gr1_EF193005 7350 7360 41881.7
Gr1_EF193005 7360 7370 41983.8
Gr1_EF193005 7370 7380 42814.0
Gr1_EF193005 7380 7390 42645.8
Gr1_EF193005 7390 7400 42395.0
Gr1_EF193005 7400 7410 42786.3
Gr1_EF193005 7410 7420 43178.1
Gr1_EF193005 7420 7430 43449.0
Gr1_EF193005 7430 7440 43802.4
Gr1_EF193005 7440 7450 44497.1
Gr1_EF193005 7450 7460 45052.2
Gr1_EF193005 7460 7470 45016.7
Gr1_EF193005 7470 7480 44382.8
Gr1_EF193005 7480 7490 44794.6
Gr1_EF193005 7490 7500 44635.4
Gr1_EF193005 7500 7510 44381.5
Gr1_EF193005 7510 7520 43863.2
Gr1_EF193005 7520 7530 43322.0
Gr1_EF193005 7530 7540 43803.0
Gr1_EF193005 7540 7550 43833.7
Gr1_EF193005 7550 7560 43234.8
Gr1_EF193005 7560 7570 43016.8
Gr1_EF193005 7570 7580 42797.3
Gr1_EF193005 7580 7590 42018.8
Gr1_EF193005 7590 7600 42006.7
Gr1_EF193005 7600 7610 41290.6
Gr1_EF193005 7610 7620 40528.5
Gr1_EF193005 7620 7630 39976.6
Gr1_EF193005 7630 7640 38970.8
Gr1_EF193005 7640 7650 38796.5
Gr1_EF193005 7650 7660 38815.3
Gr1_EF193005 7660 7670 38630.7
Gr1_EF193005 7670 7680 38029.0
Gr1_EF193005 7680 7690 37615.0
Gr1_EF193005 7690 7700 36805.8
Gr1_EF193005 7700 7710 36651.9
Gr1_EF193005 7710 7720 36232.6
Gr1_EF193005 7720 7730 35870.8
Gr1_EF193005 7730 7740 34992.1
Gr1_EF193005 7740 7750 34156.1
Gr1_EF193005 7750 7760 33770.7
Gr1_EF193005 7760 7770 33518.6
Gr1_EF193005 7770 7780 33433.8
Gr1_EF193005 7780 7790 33318.9
Gr1_EF193005 7790 7800 33458.3
Gr1_EF193005 7800 7810 33442.6
Gr1_EF193005 7810 7820 33228.3
Gr1_EF193005 7820 7830 33249.9
Gr1_EF193005 7830 7840 33490.0
Gr1_EF193005 7840 7850 33319.6
Gr1_EF193005 7850 7860 33061.2
Gr1_EF193005 7860 7870 33143.9
Gr1_EF193005 7870 7880 32978.5
Gr1_EF193005 7880 7890 32818.0
Gr1_EF193005 7890 7900 32928.3
Gr1_EF193005 7900 7910 32754.3
Gr1_EF193005 7910 7920 32814.9
Gr1_EF193005 7920 7930 32749.9
Gr1_EF193005 7930 7940 32851.5
Gr1_EF193005 7940 7950 32836.2
Gr1_EF193005 7950 7960 32493.8
Gr1_EF193005 7960 7970 32252.3
Gr1_EF193005 7970 7980 32096.4
Gr1_EF193005 7980 7990 32256.9
Gr1_EF193005 7990 8000 32190.1
Gr1_EF193005 8000 8010 32288.1
Gr1_EF193005 8010 8020 32356.8
Gr1_EF193005 8020 8030 32680.9
Gr1_EF193005 8030 8040 32943.8
Gr1_EF193005 8040 8050 33084.2
Gr1_EF193005 8050 8060 33897.8
Gr1_EF193005 8060 8070 34592.5
Gr1_EF193005 8070 8080 35268.6
Gr1_EF193005 8080 8090 35987.2
Gr1_EF193005 8090 8100 36798.1
Gr1_EF193005 8100 8110 37309.7
Gr1_EF193005 8110 8120 37620.9
Gr1_EF193005 8120 8130 37749.5
Gr1_EF193005 8130 8140 37330.1
Gr1_EF193005 8140 8150 37545.0
Gr1_EF193005 8150 8160 37811.2
Gr1_EF193005 8160 8170 38479.2
Gr1_EF193005 8170 8180 38427.4
Gr1_EF193005 8180 8190 38598.4
Gr1_EF193005 8190 8200 38654.3
Gr1_EF193005 8200 8210 39073.0
Gr1_EF193005 8210 8220 39473.7
Gr1_EF193005 8220 8230 40325.1
Gr1_EF193005 8230 8240 41380.7
Gr1_EF193005 8240 8250 41770.7
Gr1_EF193005 8250 8260 41816.8
Gr1_EF193005 8260 8270 41590.4
Gr1_EF193005 8270 8280 41783.0
Gr1_EF193005 8280 8290 41367.9
Gr1_EF193005 8290 8300 40929.0
Gr1_EF193005 8300 8310 40737.0
Gr1_EF193005 8310 8320 41389.1
Gr1_EF193005 8320 8330 41404.2
Gr1_EF193005 8330 8340 42425.3
Gr1_EF193005 8340 8350 42849.7
Gr1_EF193005 8350 8360 43289.7
Gr1_EF193005 8360 8370 44000.1
Gr1_EF193005 8370 8380 44970.2
Gr1_EF193005 8380 8390 45502.4
Gr1_EF193005 8390 8400 45947.0
Gr1_EF193005 8400 8410 46502.6
Gr1_EF193005 8410 8420 46922.8
Gr1_EF193005 8420 8430 47468.6
Gr1_EF193005 8430 8440 47635.9
Gr1_EF193005 8440 8450 48779.5
Gr1_EF193005 8450 8460 49503.0
Gr1_EF193005 8460 8470 49345.4
Gr1_EF193005 8470 8480 49569.7
Gr1_EF193005 8480 8490 49841.5
Gr1_EF193005 8490 8500 50500.6
Gr1_EF193005 8500 8510 50769.4
Gr1_EF193005 8510 8520 50857.3
Gr1_EF193005 8520 8530 50559.1
Gr1_EF193005 8530 8540 50754.0
Gr1_EF193005 8540 8550 50850.2
Gr1_EF193005 8550 8560 51079.3
Gr1_EF193005 8560 8570 51533.4
Gr1_EF193005 8570 8580 51860.1
Gr1_EF193005 8580 8590 52960.0
Gr1_EF193005 8590 8600 53572.5
Gr1_EF193005 8600 8610 53652.2
Gr1_EF193005 8610 8620 53602.0
Gr1_EF193005 8620 8630 54373.0
Gr1_EF193005 8630 8640 54592.1
Gr1_EF193005 8640 8650 54709.7
Gr1_EF193005 8650 8660 55038.7
Gr1_EF193005 8660 8670 56496.9
Gr1_EF193005 8670 8680 56969.4
Gr1_EF193005 8680 8690 57222.8
Gr1_EF193005 8690 8700 58757.9
Gr1_EF193005 8700 8710 59803.5
Gr1_EF193005 8710 8720 60535.1
Gr1_EF193005 8720 8730 61082.4
Gr1_EF193005 8730 8740 61430.1
Gr1_EF193005 8740 8750 61241.9
Gr1_EF193005 8750 8760 61474.2
Gr1_EF193005 8760 8770 61537.9
Gr1_EF193005 8770 8780 61533.3
Gr1_EF193005 8780 8790 61724.1
Gr1_EF193005 8790 8800 61989.9
Gr1_EF193005 8800 8810 62538.2
Gr1_EF193005 8810 8820 63143.1
Gr1_EF193005 8820 8830 63303.7
Gr1_EF193005 8830 8840 63273.5
Gr1_EF193005 8840 8850 63750.9
Gr1_EF193005 8850 8860 62909.0
Gr1_EF193005 8860 8870 61727.1
Gr1_EF193005 8870 8880 60877.1
Gr1_EF193005 8880 8890 61665.9
Gr1_EF193005 8890 8900 61764.2
Gr1_EF193005 8900 8910 62115.8
Gr1_EF193005 8910 8920 61736.4
Gr1_EF193005 8920 8930 62103.8
Gr1_EF193005 8930 8940 67342.3
Gr1_EF193005 8940 8950 68601.2
Gr1_EF193005 8950 8960 69444.3
Gr1_EF193005 8960 8970 69946.3
Gr1_EF193005 8970 8980 69437.9
Gr1_EF193005 8980 8990 67843.8
Gr1_EF193005 8990 9000 62487.7
Gr1_EF193005 9000 9010 61983.6
Gr1_EF193005 9010 9020 62873.8
Gr1_EF193005 9020 9030 61801.1
Gr1_EF193005 9030 9040 61591.8
Gr1_EF193005 9040 9050 60751.9
Gr1_EF193005 9050 9060 61563.9
Gr1_EF193005 9060 9070 62684.6
Gr1_EF193005 9070 9080 64322.3
Gr1_EF193005 9080 9090 65478.4
Gr1_EF193005 9090 9100 66932.6
Gr1_EF193005 9100 9110 66992.9
Gr1_EF193005 9110 9120 67415.3
Gr1_EF193005 9120 9130 67325.6
Gr1_EF193005 9130 9140 68425.3
Gr1_EF193005 9140 9150 73744.1
Gr1_EF193005 9150 9160 75291.4
Gr1_EF193005 9160 9170 77003.6
Gr1_EF193005 9170 9180 75881.6
Gr1_EF193005 9180 9190 69769.5
Gr1_EF193005 9190 9200 52653.1
Gr1_EF193005 9200 9210 30182.0
Gr2_EF462976 0 10 2.0
Gr2_EF462976 10 20 2.0
Gr2_EF462976 20 30 2.0
Gr2_EF462976 30 40 2.0
Gr2_EF462976 40 50 2.0
Gr2_EF462976 50 60 2.0
Gr2_EF462976 60 70 2.0
Gr2_EF462976 70 80 2.0
Gr2_EF462976 80 90 2.0
Gr2_EF462976 90 100 2.0
Gr2_EF462976 100 110 2.0
Gr2_EF462976 110 120 2.0
Gr2_EF462976 120 130 2.0
Gr2_EF462976 130 140 2.2
Gr2_EF462976 140 150 3.0
Gr2_EF462976 150 160 3.0
Gr2_EF462976 160 170 3.0
Gr2_EF462976 170 180 2.0
Gr2_EF462976 180 190 2.0
Gr2_EF462976 190 200 6.9
Gr2_EF462976 200 210 32.8
Gr2_EF462976 210 220 34.0
Gr2_EF462976 220 230 34.0
Gr2_EF462976 230 240 23.3
Gr2_EF462976 240 250 5.5
Gr2_EF462976 250 260 1.1
Gr2_EF462976 260 270 1.0
Gr2_EF462976 270 280 1.0
Gr2_EF462976 280 290 1.0
Gr2_EF462976 290 300 1.0
Gr2_EF462976 300 310 1.0
Gr2_EF462976 310 320 1.0
Gr2_EF462976 320 330 1.8
Gr2_EF462976 330 340 3.0
Gr2_EF462976 340 350 3.0
Gr2_EF462976 350 360 2.1
Gr2_EF462976 360 370 2.0
Gr2_EF462976 370 380 2.0
Gr2_EF462976 380 390 2.0
Gr2_EF462976 390 400 2.0
Gr2_EF462976 400 410 2.0
Gr2_EF462976 410 420 2.0
Gr2_EF462976 420 430 1.8
Gr2_EF462976 430 440 1.0
Gr2_EF462976 440 450 1.0
Gr2_EF462976 450 460 1.0
Gr2_EF462976 460 470 1.0
Gr2_EF462976 470 480 1.0
Gr2_EF462976 480 490 1.0
Gr2_EF462976 490 500 1.0
Gr2_EF462976 500 510 1.0
Gr2_EF462976 510 520 1.0
Gr2_EF462976 520 530 1.0
Gr2_EF462976 530 540 1.0
Gr2_EF462976 540 550 1.0
Gr2_EF462976 550 560 1.0
Gr2_EF462976 560 570 1.0
Gr2_EF462976 570 580 1.0
Gr2_EF462976 580 590 1.0
Gr2_EF462976 590 600 1.0
Gr2_EF462976 600 610 1.0
Gr2_EF462976 610 620 1.0
Gr2_EF462976 620 630 1.0
Gr2_EF462976 630 640 1.0
Gr2_EF462976 640 650 1.0
Gr2_EF462976 650 660 1.0
Gr2_EF462976 660 670 1.0
Gr2_EF462976 670 680 1.0
Gr2_EF462976 680 690 1.0
Gr2_EF462976 690 700 1.0
Gr2_EF462976 700 710 1.0
Gr2_EF462976 710 720 1.0
Gr2_EF462976 720 730 1.0
Gr2_EF462976 730 740 1.0
Gr2_EF462976 740 750 1.0
Gr2_EF462976 750 760 1.0
Gr2_EF462976 760 770 1.0
Gr2_EF462976 770 780 1.0
Gr2_EF462976 780 790 1.0
Gr2_EF462976 790 798 1.0
Gr3_EF462977 0 10 558.8
Gr3_EF462977 10 20 1582.6
Gr3_EF462977 20 30 1879.4
Gr3_EF462977 30 40 2131.5
Gr3_EF462977 40 50 2365.7
Gr3_EF462977 50 60 2581.0
Gr3_EF462977 60 70 1872.8
Gr3_EF462977 70 80 768.3
Gr3_EF462977 80 90 701.4
Gr3_EF462977 90 100 920.9
Gr3_EF462977 100 110 2040.2
Gr3_EF462977 110 120 2321.3
Gr3_EF462977 120 130 2614.1
Gr3_EF462977 130 140 2674.9
Gr3_EF462977 140 150 2496.5
Gr3_EF462977 150 160 2200.1
Gr3_EF462977 160 170 1952.8
Gr3_EF462977 170 180 1688.9
Gr3_EF462977 180 190 1459.3
Gr3_EF462977 190 200 1203.4
Gr3_EF462977 200 210 702.9
Gr3_EF462977 210 220 302.0
Gr3_EF462977 220 230 236.3
Gr3_EF462977 230 240 30.4
Gr3_EF462977 240 250 2.9
Gr3_EF462977 250 260 3.0
Gr3_EF462977 260 270 3.0
Gr3_EF462977 270 280 3.0
Gr3_EF462977 280 290 3.0
Gr3_EF462977 290 300 2.6
Gr3_EF462977 300 310 2.0
Gr3_EF462977 310 320 10.6
Gr3_EF462977 320 330 11.9
Gr3_EF462977 330 340 12.0
Gr3_EF462977 340 350 137.2
Gr3_EF462977 350 360 1294.6
Gr3_EF462977 360 370 1309.5
Gr3_EF462977 370 380 1317.4
Gr3_EF462977 380 390 1317.3
Gr3_EF462977 390 400 938.3
Gr3_EF462977 400 410 469.2
Gr3_EF462977 410 420 305.3
Gr3_EF462977 420 430 303.3
Gr3_EF462977 430 440 302.3
Gr3_EF462977 440 450 241.0
Gr3_EF462977 450 460 232.0
Gr3_EF462977 460 470 55.7
Gr3_EF462977 470 480 49.9
Gr3_EF462977 480 490 52.0
Gr3_EF462977 490 500 51.3
Gr3_EF462977 500 510 39.7
Gr3_EF462977 510 520 1.0
Gr3_EF462977 520 530 1.0
Gr3_EF462977 530 540 1.0
Gr3_EF462977 540 550 1.0
Gr3_EF462977 550 551 1.0
Gr4_EF462978 0 10 1.0
Gr4_EF462978 10 20 1.0
Gr4_EF462978 20 30 1.0
Gr4_EF462978 30 40 1.0
Gr4_EF462978 40 50 1.0
Gr4_EF462978 50 60 1.0
Gr4_EF462978 60 70 1.0
Gr4_EF462978 70 80 1.0
Gr4_EF462978 80 90 1.0
Gr4_EF462978 90 100 1.0
Gr4_EF462978 100 110 1.0
Gr4_EF462978 110 120 1.0
Gr4_EF462978 120 130 1.0
Gr4_EF462978 130 140 4616.9
Gr4_EF462978 140 150 13033.2
Gr4_EF462978 150 160 14086.6
Gr4_EF462978 160 170 14085.9
Gr4_EF462978 170 180 13303.4
Gr4_EF462978 180 190 431.7
Gr4_EF462978 190 200 20.7
Gr4_EF462978 200 210 5210.8
Gr4_EF462978 210 220 7751.7
Gr4_EF462978 220 230 8761.0
Gr4_EF462978 230 240 11784.3
Gr4_EF462978 240 250 13985.9
Gr4_EF462978 250 260 12354.3
Gr4_EF462978 260 270 18261.0
Gr4_EF462978 270 280 20681.4
Gr4_EF462978 280 290 21810.1
Gr4_EF462978 290 300 21693.0
Gr4_EF462978 300 310 21796.6
Gr4_EF462978 310 320 22290.7
Gr4_EF462978 320 330 22516.8
Gr4_EF462978 330 340 22070.4
Gr4_EF462978 340 350 19796.4
Gr4_EF462978 350 360 17347.5
Gr4_EF462978 360 370 5651.1
Gr4_EF462978 370 380 13548.7
Gr4_EF462978 380 390 15620.0
Gr4_EF462978 390 400 18866.9
Gr4_EF462978 400 410 21065.0
Gr4_EF462978 410 420 21122.1
Gr4_EF462978 420 430 21494.9
Gr4_EF462978 430 440 22826.4
Gr4_EF462978 440 450 22663.5
Gr4_EF462978 450 460 22628.5
Gr4_EF462978 460 470 22447.3
Gr4_EF462978 470 480 22081.7
Gr4_EF462978 480 490 22913.6
Gr4_EF462978 490 500 22696.7
Gr4_EF462978 500 510 22273.1
Gr4_EF462978 510 520 21736.2
Gr4_EF462978 520 530 21341.6
Gr4_EF462978 530 540 21726.6
Gr4_EF462978 540 550 21565.1
Gr4_EF462978 550 560 21723.4
Gr4_EF462978 560 570 22034.3
Gr4_EF462978 570 580 21780.5
Gr4_EF462978 580 590 21840.2
Gr4_EF462978 590 600 21713.7
Gr4_EF462978 600 610 21935.1
Gr4_EF462978 610 620 18848.9
Gr4_EF462978 620 630 18865.8
Gr4_EF462978 630 640 13106.0
Gr4_EF462978 640 650 6446.0
Gr4_EF462978 650 660 5624.2
Gr4_EF462978 660 670 12941.6
Gr4_EF462978 670 680 20408.2
Gr4_EF462978 680 690 22447.3
Gr4_EF462978 690 700 19834.4
Gr4_EF462978 700 710 20898.8
Gr4_EF462978 710 720 22423.6
Gr4_EF462978 720 730 22711.4
Gr4_EF462978 730 740 21936.8
Gr4_EF462978 740 750 22400.3
Gr4_EF462978 750 760 22628.1
Gr4_EF462978 760 770 22594.0
Gr4_EF462978 770 780 22853.5
Gr4_EF462978 780 790 22706.4
Gr4_EF462978 790 800 22687.2
Gr4_EF462978 800 810 22430.6
Gr4_EF462978 810 820 20973.3
Gr4_EF462978 820 830 23691.5
Gr4_EF462978 830 840 25486.9
Gr4_EF462978 840 850 27336.5
Gr4_EF462978 850 860 28823.2
Gr4_EF462978 860 870 30781.5
Gr4_EF462978 870 880 33052.6
Gr4_EF462978 880 890 31417.9
Gr4_EF462978 890 900 35004.5
Gr4_EF462978 900 910 35463.1
Gr4_EF462978 910 920 34978.2
Gr4_EF462978 920 930 29806.6
Gr4_EF462978 930 940 25779.7
Gr4_EF462978 940 950 24590.1
Gr4_EF462978 950 960 23056.3
Gr4_EF462978 960 970 21108.1
Gr4_EF462978 970 980 18363.1
Gr4_EF462978 980 990 15578.3
Gr4_EF462978 990 1000 12698.5
Gr4_EF462978 1000 1010 3714.6
Gr4_EF462978 1010 1020 2297.7
Gr4_EF462978 1020 1030 2637.2
Gr4_EF462978 1030 1040 10250.7
Gr4_EF462978 1040 1050 11736.6
Gr4_EF462978 1050 1060 13598.6
Gr4_EF462978 1060 1070 15163.3
Gr4_EF462978 1070 1080 17116.1
Gr4_EF462978 1080 1090 19603.1
Gr4_EF462978 1090 1100 21518.9
Gr4_EF462978 1100 1110 21689.1
Gr4_EF462978 1110 1120 24795.0
Gr4_EF462978 1120 1130 27225.1
Gr4_EF462978 1130 1140 29313.5
Gr4_EF462978 1140 1150 31101.0
Gr4_EF462978 1150 1160 32173.3
Gr4_EF462978 1160 1170 31143.1
Gr4_EF462978 1170 1180 29525.4
Gr4_EF462978 1180 1190 26617.0
Gr4_EF462978 1190 1200 23130.5
Gr4_EF462978 1200 1210 10240.8
Gr4_EF462978 1210 1220 22.8
Gr4_EF462978 1220 1230 4.1
Gr4_EF462978 1230 1240 2.1
Gr4_EF462978 1240 1250 1.0
Gr4_EF462978 1250 1260 1.9
Gr4_EF462978 1260 1270 10717.0
Gr4_EF462978 1270 1280 14323.9
Gr4_EF462978 1280 1290 14945.6
Gr4_EF462978 1290 1300 15658.2
Gr4_EF462978 1300 1310 26678.9
Gr4_EF462978 1310 1320 28462.7
Gr4_EF462978 1320 1330 28879.8
Gr4_EF462978 1330 1340 22266.3
Gr4_EF462978 1340 1350 20366.7
Gr4_EF462978 1350 1360 10858.4
Gr4_EF462978 1360 1370 48.8
Gr4_EF462978 1370 1380 8265.4
Gr4_EF462978 1380 1390 13015.9
Gr4_EF462978 1390 1400 14778.7
Gr4_EF462978 1400 1410 16353.7
Gr4_EF462978 1410 1420 16866.1
Gr4_EF462978 1420 1430 16931.2
Gr4_EF462978 1430 1440 17247.8
Gr4_EF462978 1440 1450 16975.9
Gr4_EF462978 1450 1460 15337.5
Gr4_EF462978 1460 1470 12773.1
Gr4_EF462978 1470 1480 11717.6
Gr4_EF462978 1480 1490 8318.7
Gr4_EF462978 1490 1500 2282.7
Gr4_EF462978 1500 1510 880.1
Gr4_EF462978 1510 1520 57.4
Gr4_EF462978 1520 1530 6.0
Gr4_EF462978 1530 1540 5.2
Gr4_EF462978 1540 1550 1.0
Gr4_EF462978 1550 1560 1.0
Gr4_EF462978 1560 1570 1.0
Gr4_EF462978 1570 1580 1.0
Gr4_EF462978 1580 1590 1.0
Gr4_EF462978 1590 1600 1.0
Gr4_EF462978 1600 1610 2.7
Gr4_EF462978 1610 1620 8.6
Gr4_EF462978 1620 1630 47.4
Gr4_EF462978 1630 1640 55.0
Gr4_EF462978 1640 1650 55.0
Gr4_EF462978 1650 1660 54.2
Gr4_EF462978 1660 1670 30.3
Gr4_EF462978 1670 1680 10.8
Gr4_EF462978 1680 1690 1.0
Gr4_EF462978 1690 1700 1.0
Gr4_EF462978 1700 1710 1.0
Gr4_EF462978 1710 1720 1296.5
Gr4_EF462978 1720 1730 4980.4
Gr4_EF462978 1730 1740 6163.1
Gr4_EF462978 1740 1750 7764.0
Gr4_EF462978 1750 1760 8624.6
Gr4_EF462978 1760 1770 8623.9
Gr4_EF462978 1770 1780 7649.8
Gr4_EF462978 1780 1790 14010.1
Gr4_EF462978 1790 1800 14839.6
Gr4_EF462978 1800 1810 15500.4
Gr4_EF462978 1810 1820 15581.9
Gr4_EF462978 1820 1830 15512.7
Gr4_EF462978 1830 1840 15570.6
Gr4_EF462978 1840 1850 15544.6
Gr4_EF462978 1850 1860 15422.4
Gr4_EF462978 1860 1870 15165.4
Gr4_EF462978 1870 1880 13674.6
Gr4_EF462978 1880 1890 11460.7
Gr4_EF462978 1890 1900 8238.2
Gr4_EF462978 1900 1910 3618.3
Gr4_EF462978 1910 1920 13387.0
Gr4_EF462978 1920 1930 15017.9
Gr4_EF462978 1930 1940 15571.3
Gr4_EF462978 1940 1950 15013.6
Gr4_EF462978 1950 1960 12297.4
Gr4_EF462978 1960 1970 10128.8
Gr4_EF462978 1970 1980 9727.4
Gr4_EF462978 1980 1990 8940.8
Gr4_EF462978 1990 2000 7492.7
Gr4_EF462978 2000 2010 1848.3
Gr4_EF462978 2010 2020 47.5
Gr4_EF462978 2020 2030 1.0
Gr4_EF462978 2030 2040 1.0
Gr4_EF462978 2040 2050 1.0
Gr4_EF462978 2050 2060 1.0
Gr4_EF462978 2060 2070 1.0
Gr4_EF462978 2070 2080 1.0
Gr4_EF462978 2080 2090 28.6
Gr4_EF462978 2090 2100 618.4
Gr4_EF462978 2100 2110 4728.3
Gr4_EF462978 2110 2120 6174.4
Gr4_EF462978 2120 2130 7768.1
Gr4_EF462978 2130 2140 9106.8
Gr4_EF462978 2140 2150 10914.2
Gr4_EF462978 2150 2160 12899.3
Gr4_EF462978 2160 2170 14730.2
Gr4_EF462978 2170 2180 16265.9
Gr4_EF462978 2180 2190 15918.8
Gr4_EF462978 2190 2200 14029.1
Gr4_EF462978 2200 2210 12184.7
Gr4_EF462978 2210 2220 10569.3
Gr4_EF462978 2220 2230 8999.8
Gr4_EF462978 2230 2240 7033.1
Gr4_EF462978 2240 2250 3737.1
Gr4_EF462978 2250 2260 331.0
Gr4_EF462978 2260 2270 181.9
Gr4_EF462978 2270 2280 6606.0
Gr4_EF462978 2280 2290 9966.6
Gr4_EF462978 2290 2300 11073.7
Gr4_EF462978 2300 2310 12534.9
Gr4_EF462978 2310 2320 13867.5
Gr4_EF462978 2320 2330 14115.7
Gr4_EF462978 2330 2340 12949.4
Gr4_EF462978 2340 2350 13272.1
Gr4_EF462978 2350 2360 13771.8
Gr4_EF462978 2360 2370 13818.6
Gr4_EF462978 2370 2380 13740.0
Gr4_EF462978 2380 2390 14583.4
Gr4_EF462978 2390 2400 15005.1
Gr4_EF462978 2400 2410 14885.8
Gr4_EF462978 2410 2420 14777.3
Gr4_EF462978 2420 2430 12441.3
Gr4_EF462978 2430 2440 9263.3
Gr4_EF462978 2440 2450 9772.1
Gr4_EF462978 2450 2460 13192.3
Gr4_EF462978 2460 2470 13771.6
Gr4_EF462978 2470 2480 12317.8
Gr4_EF462978 2480 2490 9842.0
Gr4_EF462978 2490 2500 13074.7
Gr4_EF462978 2500 2510 13793.7
Gr4_EF462978 2510 2520 13784.6
Gr4_EF462978 2520 2530 13774.6
Gr4_EF462978 2530 2540 13837.2
Gr4_EF462978 2540 2550 13377.3
Gr4_EF462978 2550 2560 12590.2
Gr4_EF462978 2560 2570 13985.8
Gr4_EF462978 2570 2580 13913.6
Gr4_EF462978 2580 2590 13912.1
Gr4_EF462978 2590 2600 13742.5
Gr4_EF462978 2600 2610 13711.7
Gr4_EF462978 2610 2620 13658.0
Gr4_EF462978 2620 2630 13179.8
Gr4_EF462978 2630 2640 12829.6
Gr4_EF462978 2640 2650 13347.0
Gr4_EF462978 2650 2660 13589.5
Gr4_EF462978 2660 2670 13590.1
Gr4_EF462978 2670 2680 13622.7
Gr4_EF462978 2680 2690 13629.1
Gr4_EF462978 2690 2700 13374.3
Gr4_EF462978 2700 2710 13261.9
Gr4_EF462978 2710 2720 13315.6
Gr4_EF462978 2720 2730 13248.0
Gr4_EF462978 2730 2740 13472.1
Gr4_EF462978 2740 2750 13046.0
Gr4_EF462978 2750 2760 11499.3
Gr4_EF462978 2760 2770 9739.1
Gr4_EF462978 2770 2780 8530.4
Gr4_EF462978 2780 2790 801.3
Gr4_EF462978 2790 2800 4082.9
Gr4_EF462978 2800 2810 12165.5
Gr4_EF462978 2810 2820 14593.5
Gr4_EF462978 2820 2830 16844.7
Gr4_EF462978 2830 2840 19063.5
Gr4_EF462978 2840 2850 20540.1
Gr4_EF462978 2850 2860 21379.8
Gr4_EF462978 2860 2870 19808.4
Gr4_EF462978 2870 2880 17529.0
Gr4_EF462978 2880 2890 15221.4
Gr4_EF462978 2890 2900 11636.9
Gr4_EF462978 2900 2910 9555.2
Gr4_EF462978 2910 2920 946.4
Gr4_EF462978 2920 2930 3.8
Gr4_EF462978 2930 2940 4.0
Gr4_EF462978 2940 2950 4.0
Gr4_EF462978 2950 2957 1.86
Gr5_EF462979 0 10 1.0
Gr5_EF462979 10 20 1.0
Gr5_EF462979 20 30 1.0
Gr5_EF462979 30 40 1.0
Gr5_EF462979 40 50 1.7
Gr5_EF462979 50 60 3.9
Gr5_EF462979 60 70 5.0
Gr5_EF462979 70 80 5.0
Gr5_EF462979 80 90 5.0
Gr5_EF462979 90 100 5.0
Gr5_EF462979 100 110 5.0
Gr5_EF462979 110 120 5.0
Gr5_EF462979 120 130 5.0
Gr5_EF462979 130 140 5.0
Gr5_EF462979 140 150 2.4
Gr5_EF462979 150 160 1.0
Gr5_EF462979 160 170 1.0
Gr5_EF462979 170 180 1.0
Gr5_EF462979 180 190 200.9
Gr5_EF462979 190 200 1964.1
Gr5_EF462979 200 210 2255.1
Gr5_EF462979 210 220 2540.2
Gr5_EF462979 220 230 2525.6
Gr5_EF462979 230 240 2283.3
Gr5_EF462979 240 250 2034.5
Gr5_EF462979 250 260 1639.8
Gr5_EF462979 260 270 1148.7
Gr5_EF462979 270 280 943.2
Gr5_EF462979 280 290 611.1
Gr5_EF462979 290 300 465.4
Gr5_EF462979 300 310 278.3
Gr5_EF462979 310 320 25.4
Gr5_EF462979 320 330 13.6
Gr5_EF462979 330 340 31.0
Gr5_EF462979 340 350 31.0
Gr5_EF462979 350 360 319.7
Gr5_EF462979 360 370 1189.4
Gr5_EF462979 370 380 1442.8
Gr5_EF462979 380 390 1870.2
Gr5_EF462979 390 400 2237.3
Gr5_EF462979 400 410 2572.9
Gr5_EF462979 410 420 2681.0
Gr5_EF462979 420 430 2620.2
Gr5_EF462979 430 440 2340.0
Gr5_EF462979 440 450 2005.3
Gr5_EF462979 450 460 1705.9
Gr5_EF462979 460 470 1411.9
Gr5_EF462979 470 480 179.4
Gr5_EF462979 480 490 1.0
Gr5_EF462979 490 500 1.0
Gr5_EF462979 500 510 1.0
Gr5_EF462979 510 520 1.0
Gr5_EF462979 520 530 1.0
Gr5_EF462979 530 540 1.0
Gr5_EF462979 540 550 1.0
Gr5_EF462979 550 560 1.0
Gr5_EF462979 560 570 1.0
Gr5_EF462979 570 580 1.0
Gr5_EF462979 580 590 1.0
Gr5_EF462979 590 600 1.0
Gr5_EF462979 600 610 1.0
Gr5_EF462979 610 620 1.0
Gr5_EF462979 620 630 1.0
Gr5_EF462979 630 640 1.0
Gr5_EF462979 640 650 1.0
Gr5_EF462979 650 660 1.0
Gr5_EF462979 660 670 1.0
Gr5_EF462979 670 680 1.3
Gr5_EF462979 680 690 1.0
Gr5_EF462979 690 700 1.0
Gr5_EF462979 700 710 1.0
Gr5_EF462979 710 720 1.0
Gr5_EF462979 720 730 1.0
Gr5_EF462979 730 740 1.0
Gr5_EF462979 740 750 1.0
Gr5_EF462979 750 760 1.0
Gr5_EF462979 760 770 1.0
Gr5_EF462979 770 780 1.0
Gr5_EF462979 780 790 1.0
Gr5_EF462979 790 800 1.0
Gr5_EF462979 800 810 1.0
Gr5_EF462979 810 820 1.0
Gr5_EF462979 820 830 1.0
Gr5_EF462979 830 840 1.0
Gr5_EF462979 840 850 23.2
Gr5_EF462979 850 860 13434.6
Gr5_EF462979 860 870 16130.0
Gr5_EF462979 870 880 16149.6
Gr5_EF462979 880 890 15213.3
Gr5_EF462979 890 900 8018.9
Gr5_EF462979 900 910 5.4
Gr5_EF462979 910 920 2.6
Gr6_EF462980 0 10 1.0
Gr6_EF462980 10 20 1.0
Gr6_EF462980 20 30 1.0
Gr6_EF462980 30 40 1.0
Gr6_EF462980 40 50 1.0
Gr6_EF462980 50 60 1.9
Gr6_EF462980 60 70 2.0
Gr6_EF462980 70 80 2.0
Gr6_EF462980 80 90 2.0
Gr6_EF462980 90 100 2.0
Gr6_EF462980 100 110 1.0
Gr6_EF462980 110 120 1.0
Gr6_EF462980 120 130 1.0
Gr6_EF462980 130 140 1.0
Gr6_EF462980 140 150 1.0
Gr6_EF462980 150 160 1.0
Gr6_EF462980 160 170 1.0
Gr6_EF462980 170 180 1.0
Gr6_EF462980 180 190 1.0
Gr6_EF462980 190 200 1.0
Gr6_EF462980 200 210 1.0
Gr6_EF462980 210 220 1.0
Gr6_EF462980 220 230 1.0
Gr6_EF462980 230 240 1.0
Gr6_EF462980 240 250 1.0
Gr6_EF462980 250 260 1.0
Gr6_EF462980 260 270 1.0
Gr6_EF462980 270 280 1.0
Gr6_EF462980 280 290 1.0
Gr6_EF462980 290 300 1.0
Gr6_EF462980 300 310 1.0
Gr6_EF462980 310 320 7.7
Gr6_EF462980 320 330 2416.4
Gr6_EF462980 330 340 3051.0
Gr6_EF462980 340 350 3051.0
Gr6_EF462980 350 360 3051.0
Gr6_EF462980 360 370 3050.7
Gr6_EF462980 370 380 2892.4
Gr6_EF462980 380 390 2377.3
Gr6_EF462980 390 400 1855.0
Gr6_EF462980 400 410 1243.2
Gr6_EF462980 410 420 117.4
Gr6_EF462980 420 430 1.6
Gr6_EF462980 430 440 1.0
Gr6_EF462980 440 450 1.0
Gr6_EF462980 450 460 2.2
Gr6_EF462980 460 470 5.0
Gr6_EF462980 470 480 35.9
Gr6_EF462980 480 490 36.0
Gr6_EF462980 490 500 36.0
Gr6_EF462980 500 510 35.7
Gr6_EF462980 510 520 36.0
Gr6_EF462980 520 530 17.2
Gr6_EF462980 530 540 1.7
Gr6_EF462980 540 550 1.0
Gr6_EF462980 550 560 1.5
Gr6_EF462980 560 570 55.9
Gr6_EF462980 570 580 63.0
Gr6_EF462980 580 590 62.4
Gr6_EF462980 590 600 54.2
Gr6_EF462980 600 610 33.6
Gr6_EF462980 610 620 7.0
Gr6_EF462980 620 630 3.2
Gr6_EF462980 630 640 1.0
Gr6_EF462980 640 650 1.0
Gr6_EF462980 650 660 1.0
Gr6_EF462980 660 670 46.3
Gr6_EF462980 670 680 57.9
Gr6_EF462980 680 690 69.2
Gr6_EF462980 690 700 79.2
Gr6_EF462980 700 710 60.1
Gr6_EF462980 710 720 51.3
Gr6_EF462980 720 730 77.0
Gr6_EF462980 730 740 77.0
Gr6_EF462980 740 750 77.0
Gr6_EF462980 750 760 31.0
Gr6_EF462980 760 770 3.0
Gr6_EF462980 770 780 3.0
Gr6_EF462980 780 790 3.0
Gr6_EF462980 790 800 3.0
Gr6_EF462980 800 810 3.0
Gr6_EF462980 810 820 2.2
Gr6_EF462980 820 830 2.0
Gr6_EF462980 830 840 1.1
Gr6_EF462980 840 850 1.0
Gr6_EF462980 850 860 1.0
Gr6_EF462980 860 870 1.0
Gr6_EF462980 870 880 1.0
Gr6_EF462980 880 890 1.0
Gr6_EF462980 890 900 1.0
Gr6_EF462980 900 910 1.9
Gr6_EF462980 910 920 2.0
Gr6_EF462980 920 930 2.0
Gr6_EF462980 930 940 1.4
Gr6_EF462980 940 950 1.0
Gr6_EF462980 950 960 1.0
Gr6_EF462980 960 970 1.0
Gr6_EF462980 970 980 1.0
Gr6_EF462980 980 990 1.0
Gr6_EF462980 990 1000 1.0
Gr6_EF462980 1000 1010 1.0
Gr6_EF462980 1010 1020 1.0
Gr6_EF462980 1020 1030 1.0
Gr6_EF462980 1030 1040 1.0
Gr6_EF462980 1040 1050 1.0
Gr6_EF462980 1050 1060 1.0
Gr6_EF462980 1060 1070 1.0
Gr6_EF462980 1070 1080 1.0
Gr6_EF462980 1080 1090 1.0
Gr6_EF462980 1090 1100 1.0
Gr6_EF462980 1100 1110 16.3
Gr6_EF462980 1110 1120 19.0
Gr6_EF462980 1120 1130 20.6
Gr6_EF462980 1130 1140 22.0
Gr6_EF462980 1140 1150 22.0
Gr6_EF462980 1150 1160 21.4
Gr6_EF462980 1160 1170 7.0
Gr6_EF462980 1170 1180 1.0
Gr6_EF462980 1180 1190 1.0
Gr6_EF462980 1190 1200 1.0
Gr6_EF462980 1200 1210 1.0
Gr6_EF462980 1210 1220 1.0
Gr6_EF462980 1220 1230 1.0
Gr6_EF462980 1230 1240 1.0
Gr6_EF462980 1240 1250 1.0
Gr6_EF462980 1250 1260 1.0
Gr6_EF462980 1260 1270 1.0
Gr6_EF462980 1270 1280 1.0
Gr6_EF462980 1280 1290 1.0
Gr6_EF462980 1290 1300 1.0
Gr6_EF462980 1300 1310 1.0
Gr6_EF462980 1310 1320 1.0
Gr6_EF462980 1320 1330 1.0
Gr6_EF462980 1330 1340 1.0
Gr6_EF462980 1340 1350 1.0
Gr6_EF462980 1350 1355 1.0
Gr7_EF462981 0 10 1.0
Gr7_EF462981 10 20 1.0
Gr7_EF462981 20 30 1.0
Gr7_EF462981 30 40 1.0
Gr7_EF462981 40 50 1.0
Gr7_EF462981 50 60 1.0
Gr7_EF462981 60 70 1.0
Gr7_EF462981 70 80 1.0
Gr7_EF462981 80 90 1.0
Gr7_EF462981 90 100 1.0
Gr7_EF462981 100 110 1.0
Gr7_EF462981 110 120 1.0
Gr7_EF462981 120 130 1.0
Gr7_EF462981 130 140 1.0
Gr7_EF462981 140 150 1.0
Gr7_EF462981 150 160 1.0
Gr7_EF462981 160 170 1.0
Gr7_EF462981 170 180 1.7
Gr7_EF462981 180 190 35.8
Gr7_EF462981 190 200 54.3
Gr7_EF462981 200 210 59.0
Gr7_EF462981 210 220 59.0
Gr7_EF462981 220 230 55.8
Gr7_EF462981 230 240 33.3
Gr7_EF462981 240 250 4.4
Gr7_EF462981 250 260 1.0
Gr7_EF462981 260 270 1.0
Gr7_EF462981 270 280 1.0
Gr7_EF462981 280 290 1.0
Gr7_EF462981 290 300 1.0
Gr7_EF462981 300 310 1.0
Gr7_EF462981 310 320 1.0
Gr7_EF462981 320 330 1.0
Gr7_EF462981 330 340 1.0
Gr7_EF462981 340 350 1.0
Gr7_EF462981 350 360 1.0
Gr7_EF462981 360 370 1.0
Gr7_EF462981 370 380 1.0
Gr7_EF462981 380 390 1.0
Gr7_EF462981 390 400 1.0
Gr7_EF462981 400 410 1.0
Gr7_EF462981 410 420 3.2
Gr7_EF462981 420 430 101.6
Gr7_EF462981 430 440 121.0
Gr7_EF462981 440 450 121.0
Gr7_EF462981 450 460 103.1
Gr7_EF462981 460 470 2.2
Gr7_EF462981 470 480 1.0
Gr7_EF462981 480 490 1.0
Gr7_EF462981 490 500 1.0
Gr7_EF462981 500 510 1.0
Gr7_EF462981 510 520 1.0
Gr7_EF462981 520 530 1.0
Gr7_EF462981 530 540 1.0
Gr7_EF462981 540 550 1.0
Gr7_EF462981 550 560 1.0
Gr7_EF462981 560 570 1.0
Gr7_EF462981 570 580 1.0
Gr7_EF462981 580 590 1.0
Gr7_EF462981 590 600 1.0
Gr7_EF462981 600 610 1.0
Gr7_EF462981 610 620 1.0
Gr7_EF462981 620 630 1.2
Gr7_EF462981 630 640 2.0
Gr7_EF462981 640 650 2.0
Gr7_EF462981 650 660 2.0
Gr7_EF462981 660 670 1.2
Gr7_EF462981 670 680 1.0
Gr7_EF462981 680 690 1.0
Gr7_EF462981 690 700 1.0
Gr7_EF462981 700 710 1.0
Gr7_EF462981 710 720 1.0
Gr7_EF462981 720 730 1.0
Gr7_EF462981 730 740 1.0
Gr7_EF462981 740 750 1.0
Gr7_EF462981 750 760 1.0
Gr7_EF462981 760 770 1.0
Gr7_EF462981 770 780 1.0
Gr7_EF462981 780 790 1.0
Gr7_EF462981 790 797 1.0
