Gp1_AJ249395 0 25 0.16
Gp1_AJ249395 25 50 0.12
Gp1_AJ249395 50 75 0.56
Gp1_AJ249395 75 100 0.16
Gp1_AJ249395 100 125 0.16
Gp1_AJ249395 125 150 0.2
Gp1_AJ249395 150 175 0.2
Gp1_AJ249395 175 200 0.52
Gp1_AJ249395 200 225 0.36
Gp1_AJ249395 225 250 0.32
Gp1_AJ249395 250 275 0.32
Gp1_AJ249395 275 300 0.36
Gp1_AJ249395 300 325 0.52
Gp1_AJ249395 325 350 0.52
Gp1_AJ249395 350 375 0.36
Gp1_AJ249395 375 400 0.4
Gp1_AJ249395 400 425 0.6
Gp1_AJ249395 425 450 0.36
Gp1_AJ249395 450 475 0.32
Gp1_AJ249395 475 500 0.4
Gp1_AJ249395 500 525 0.4
Gp1_AJ249395 525 550 0.48
Gp1_AJ249395 550 575 0.04
Gp1_AJ249395 575 600 0.44
Gp1_AJ249395 600 625 0.48
Gp1_AJ249395 625 650 0.4
Gp1_AJ249395 650 675 0.16
Gp1_AJ249395 675 700 0.12
Gp1_AJ249395 700 725 0.2
Gp1_AJ249395 725 750 0.2
Gp1_AJ249395 750 775 0.08
Gp1_AJ249395 775 800 0.0
Gp1_AJ249395 800 825 0.16
Gp1_AJ249395 825 850 0.56
Gp1_AJ249395 850 875 0.36
Gp1_AJ249395 875 900 0.24
Gp1_AJ249395 900 925 0.12
Gp1_AJ249395 925 950 0.4
Gp1_AJ249395 950 975 0.08
Gp1_AJ249395 975 1000 0.36
Gp1_AJ249395 1000 1025 0.12
Gp1_AJ249395 1025 1050 0.32
Gp1_AJ249395 1050 1075 0.36
Gp1_AJ249395 1075 1100 0.16
Gp1_AJ249395 1100 1125 0.24
Gp1_AJ249395 1125 1150 0.12
Gp1_AJ249395 1150 1175 0.2
Gp1_AJ249395 1175 1200 0.16
Gp1_AJ249395 1200 1225 0.24
Gp1_AJ249395 1225 1250 0.32
Gp1_AJ249395 1250 1275 0.32
Gp1_AJ249395 1275 1300 0.56
Gp1_AJ249395 1300 1325 0.4
Gp1_AJ249395 1325 1350 0.4
Gp1_AJ249395 1350 1375 0.44
Gp1_AJ249395 1375 1400 0.08
Gp1_AJ249395 1400 1425 0.36
Gp1_AJ249395 1425 1450 0.24
Gp1_AJ249395 1450 1475 0.4
Gp1_AJ249395 1475 1500 0.28
Gp1_AJ249395 1500 1525 0.4
Gp1_AJ249395 1525 1550 0.56
Gp1_AJ249395 1550 1575 0.36
Gp1_AJ249395 1575 1600 0.36
Gp1_AJ249395 1600 1625 0.28
Gp1_AJ249395 1625 1650 0.24
Gp1_AJ249395 1650 1675 0.44
Gp1_AJ249395 1675 1700 0.24
Gp1_AJ249395 1700 1725 0.28
Gp1_AJ249395 1725 1750 0.52
Gp1_AJ249395 1750 1775 0.24
Gp1_AJ249395 1775 1800 0.04
Gp1_AJ249395 1800 1825 0.16
Gp1_AJ249395 1825 1850 0.2
Gp1_AJ249395 1850 1875 0.4
Gp1_AJ249395 1875 1900 0.12
Gp1_AJ249395 1900 1925 0.28
Gp1_AJ249395 1925 1950 0.16
Gp1_AJ249395 1950 1975 0.16
Gp1_AJ249395 1975 2000 0.48
Gp1_AJ249395 2000 2025 0.24
Gp1_AJ249395 2025 2050 0.12
Gp1_AJ249395 2050 2075 0.44
Gp1_AJ249395 2075 2100 0.24
Gp1_AJ249395 2100 2125 0.24
Gp1_AJ249395 2125 2150 0.12
Gp1_AJ249395 2150 2175 0.48
Gp1_AJ249395 2175 2200 0.36
Gp1_AJ249395 2200 2225 0.48
Gp1_AJ249395 2225 2250 0.52
Gp1_AJ249395 2250 2275 0.2
Gp1_AJ249395 2275 2300 0.28
Gp1_AJ249395 2300 2325 0.28
Gp1_AJ249395 2325 2350 0.28
Gp1_AJ249395 2350 2375 0.48
Gp1_AJ249395 2375 2400 0.58
Gp1_AJ249395 2400 2425 0.52
Gp1_AJ249395 2425 2450 0.24
Gp1_AJ249395 2450 2475 0.44
Gp1_AJ249395 2475 2500 0.28
Gp1_AJ249395 2500 2525 0.48
Gp1_AJ249395 2525 2550 0.36
Gp1_AJ249395 2550 2575 0.4
Gp1_AJ249395 2575 2600 0.52
Gp1_AJ249395 2600 2625 0.36
Gp1_AJ249395 2625 2650 0.4
Gp1_AJ249395 2650 2675 0.32
Gp1_AJ249395 2675 2700 0.36
Gp1_AJ249395 2700 2725 0.28
Gp1_AJ249395 2725 2750 0.32
Gp1_AJ249395 2750 2775 0.32
Gp1_AJ249395 2775 2800 0.16
Gp1_AJ249395 2800 2825 0.24
Gp1_AJ249395 2825 2850 0.18
Gp1_AJ249395 2850 2875 0.28
Gp1_AJ249395 2875 2900 0.36
Gp1_AJ249395 2900 2925 0.4
Gp1_AJ249395 2925 2950 0.2
Gp1_AJ249395 2950 2975 0.24
Gp1_AJ249395 2975 3000 0.48
Gp1_AJ249395 3000 3025 0.08
Gp1_AJ249395 3025 3050 0.24
Gp1_AJ249395 3050 3075 0.32
Gp1_AJ249395 3075 3100 0.28
Gp1_AJ249395 3100 3125 0.32
Gp1_AJ249395 3125 3150 0.36
Gp1_AJ249395 3150 3175 0.24
Gp1_AJ249395 3175 3200 0.28
Gp1_AJ249395 3200 3225 0.0
Gp1_AJ249395 3225 3250 0.24
Gp1_AJ249395 3250 3275 0.48
Gp1_AJ249395 3275 3300 0.44
Gp1_AJ249395 3300 3325 0.48
Gp1_AJ249395 3325 3350 0.44
Gp1_AJ249395 3350 3375 0.16
Gp1_AJ249395 3375 3400 0.24
Gp1_AJ249395 3400 3425 0.2
Gp1_AJ249395 3425 3450 0.44
Gp1_AJ249395 3450 3475 0.24
Gp1_AJ249395 3475 3500 0.48
Gp1_AJ249395 3500 3525 0.28
Gp1_AJ249395 3525 3550 0.28
Gp1_AJ249395 3550 3575 0.04
Gp1_AJ249395 3575 3600 0.32
Gp1_AJ249395 3600 3625 0.16
Gp1_AJ249395 3625 3650 0.24
Gp1_AJ249395 3650 3675 0.28
Gp1_AJ249395 3675 3700 0.12
Gp1_AJ249395 3700 3725 0.4
Gp1_AJ249395 3725 3750 0.44
Gp1_AJ249395 3750 3775 0.36
Gp1_AJ249395 3775 3800 0.16
Gp1_AJ249395 3800 3825 0.28
Gp1_AJ249395 3825 3850 0.2
Gp1_AJ249395 3850 3875 0.08
Gp1_AJ249395 3875 3900 0.44
Gp1_AJ249395 3900 3925 0.48
Gp1_AJ249395 3925 3950 0.52
Gp1_AJ249395 3950 3975 0.36
Gp1_AJ249395 3975 4000 0.2
Gp1_AJ249395 4000 4025 0.2
Gp1_AJ249395 4025 4050 0.24
Gp1_AJ249395 4050 4075 0.4
Gp1_AJ249395 4075 4100 0.2
Gp1_AJ249395 4100 4125 0.52
Gp1_AJ249395 4125 4150 0.2
Gp1_AJ249395 4150 4175 0.16
Gp1_AJ249395 4175 4200 0.28
Gp1_AJ249395 4200 4225 0.32
Gp1_AJ249395 4225 4250 0.28
Gp1_AJ249395 4250 4275 0.12
Gp1_AJ249395 4275 4300 0.24
Gp1_AJ249395 4300 4325 0.2
Gp1_AJ249395 4325 4350 0.36
Gp1_AJ249395 4350 4375 0.36
Gp1_AJ249395 4375 4400 0.36
Gp1_AJ249395 4400 4425 0.16
Gp1_AJ249395 4425 4450 0.24
Gp1_AJ249395 4450 4475 0.44
Gp1_AJ249395 4475 4500 0.36
Gp1_AJ249395 4500 4525 0.36
Gp1_AJ249395 4525 4550 0.24
Gp1_AJ249395 4550 4575 0.2
Gp1_AJ249395 4575 4600 0.2
Gp1_AJ249395 4600 4625 0.24
Gp1_AJ249395 4625 4650 0.16
Gp1_AJ249395 4650 4675 0.28
Gp1_AJ249395 4675 4700 0.36
Gp1_AJ249395 4700 4725 0.24
Gp1_AJ249395 4725 4750 0.2
Gp1_AJ249395 4750 4775 0.32
Gp1_AJ249395 4775 4800 0.36
Gp1_AJ249395 4800 4825 0.36
Gp1_AJ249395 4825 4850 0.16
Gp1_AJ249395 4850 4875 0.44
Gp1_AJ249395 4875 4900 0.16
Gp1_AJ249395 4900 4925 0.36
Gp1_AJ249395 4925 4950 0.2
Gp1_AJ249395 4950 4975 0.28
Gp1_AJ249395 4975 5000 0.48
Gp1_AJ249395 5000 5025 0.2
Gp1_AJ249395 5025 5050 0.24
Gp1_AJ249395 5050 5075 0.24
Gp1_AJ249395 5075 5100 0.44
Gp1_AJ249395 5100 5125 0.48
Gp1_AJ249395 5125 5150 0.28
Gp1_AJ249395 5150 5175 0.36
Gp1_AJ249395 5175 5200 0.52
Gp1_AJ249395 5200 5225 0.48
Gp1_AJ249395 5225 5250 0.16
Gp1_AJ249395 5250 5275 0.44
Gp1_AJ249395 5275 5300 0.32
Gp1_AJ249395 5300 5325 0.2
Gp1_AJ249395 5325 5350 0.2
Gp1_AJ249395 5350 5375 0.24
Gp1_AJ249395 5375 5400 0.26
Gp1_AJ249395 5400 5425 0.24
Gp1_AJ249395 5425 5450 0.24
Gp1_AJ249395 5450 5475 0.16
Gp1_AJ249395 5475 5500 0.32
Gp1_AJ249395 5500 5525 0.24
Gp1_AJ249395 5525 5550 0.36
Gp1_AJ249395 5550 5575 0.36
Gp1_AJ249395 5575 5600 0.32
Gp1_AJ249395 5600 5625 0.52
Gp1_AJ249395 5625 5650 0.36
Gp1_AJ249395 5650 5675 0.32
Gp1_AJ249395 5675 5700 0.42
Gp1_AJ249395 5700 5725 0.32
Gp1_AJ249395 5725 5750 0.28
Gp1_AJ249395 5750 5775 0.52
Gp1_AJ249395 5775 5800 0.44
Gp1_AJ249395 5800 5825 0.32
Gp1_AJ249395 5825 5850 0.2
Gp1_AJ249395 5850 5875 0.16
Gp1_AJ249395 5875 5900 0.24
Gp1_AJ249395 5900 5925 0.28
Gp1_AJ249395 5925 5950 0.2
Gp1_AJ249395 5950 5975 0.52
Gp1_AJ249395 5975 6000 0.4
Gp1_AJ249395 6000 6025 0.44
Gp1_AJ249395 6025 6050 0.32
Gp1_AJ249395 6050 6075 0.24
Gp1_AJ249395 6075 6100 0.32
Gp1_AJ249395 6100 6125 0.16
Gp1_AJ249395 6125 6150 0.48
Gp1_AJ249395 6150 6175 0.24
Gp1_AJ249395 6175 6200 0.16
Gp1_AJ249395 6200 6225 0.56
Gp1_AJ249395 6225 6250 0.52
Gp1_AJ249395 6250 6275 0.56
Gp1_AJ249395 6275 6300 0.48
Gp1_AJ249395 6300 6325 0.54
Gp1_AJ249395 6325 6350 0.52
Gp1_AJ249395 6350 6375 0.44
Gp1_AJ249395 6375 6400 0.64
Gp1_AJ249395 6400 6425 0.52
Gp1_AJ249395 6425 6450 0.72
Gp1_AJ249395 6450 6475 0.6
Gp1_AJ249395 6475 6500 0.6
Gp1_AJ249395 6500 6525 0.36
Gp1_AJ249395 6525 6550 0.2
Gp1_AJ249395 6550 6575 0.52
Gp1_AJ249395 6575 6600 0.28
Gp1_AJ249395 6600 6625 0.24
Gp1_AJ249395 6625 6650 0.32
Gp1_AJ249395 6650 6675 0.28
Gp1_AJ249395 6675 6700 0.4
Gp1_AJ249395 6700 6725 0.72
Gp1_AJ249395 6725 6750 0.52
Gp1_AJ249395 6750 6775 0.48
Gp1_AJ249395 6775 6800 0.32
Gp1_AJ249395 6800 6825 0.2
Gp1_AJ249395 6825 6850 0.48
Gp1_AJ249395 6850 6875 0.6
Gp1_AJ249395 6875 6900 0.32
Gp1_AJ249395 6900 6925 0.36
Gp1_AJ249395 6925 6950 0.28
Gp1_AJ249395 6950 6975 0.16
Gp1_AJ249395 6975 7000 0.24
Gp1_AJ249395 7000 7025 0.24
Gp1_AJ249395 7025 7050 0.28
Gp1_AJ249395 7050 7075 0.32
Gp1_AJ249395 7075 7100 0.4
Gp1_AJ249395 7100 7125 0.24
Gp1_AJ249395 7125 7150 0.28
Gp1_AJ249395 7150 7175 0.28
Gp1_AJ249395 7175 7200 0.16
Gp1_AJ249395 7200 7225 0.48
Gp1_AJ249395 7225 7250 0.44
Gp1_AJ249395 7250 7275 0.44
Gp1_AJ249395 7275 7300 0.4
Gp1_AJ249395 7300 7325 0.32
Gp1_AJ249395 7325 7350 0.44
Gp1_AJ249395 7350 7375 0.44
Gp1_AJ249395 7375 7400 0.6
Gp1_AJ249395 7400 7425 0.32
Gp1_AJ249395 7425 7450 0.2
Gp1_AJ249395 7450 7475 0.44
Gp1_AJ249395 7475 7500 0.36
Gp1_AJ249395 7500 7525 0.4
Gp1_AJ249395 7525 7550 0.24
Gp1_AJ249395 7550 7575 0.32
Gp1_AJ249395 7575 7600 0.24
Gp1_AJ249395 7600 7625 0.48
Gp1_AJ249395 7625 7650 0.52
Gp1_AJ249395 7650 7675 0.68
Gp1_AJ249395 7675 7700 0.4
Gp1_AJ249395 7700 7725 0.44
Gp1_AJ249395 7725 7750 0.36
Gp1_AJ249395 7750 7775 0.28
Gp1_AJ249395 7775 7800 0.56
Gp1_AJ249395 7800 7825 0.36
Gp1_AJ249395 7825 7850 0.32
Gp1_AJ249395 7850 7875 0.6
Gp1_AJ249395 7875 7900 0.3
Gp1_AJ249395 7900 7925 0.32
Gp1_AJ249395 7925 7950 0.04
Gp1_AJ249395 7950 7975 0.32
Gp1_AJ249395 7975 8000 0.36
Gp1_AJ249395 8000 8025 0.16
Gp1_AJ249395 8025 8050 0.24
Gp1_AJ249395 8050 8075 0.32
Gp1_AJ249395 8075 8100 0.24
Gp1_AJ249395 8100 8125 0.4
Gp1_AJ249395 8125 8150 0.44
Gp1_AJ249395 8150 8175 0.4
Gp1_AJ249395 8175 8200 0.52
Gp1_AJ249395 8200 8225 0.4
Gp1_AJ249395 8225 8250 0.52
Gp1_AJ249395 8250 8275 0.48
Gp1_AJ249395 8275 8300 0.44
Gp1_AJ249395 8300 8325 0.48
Gp1_AJ249395 8325 8350 0.32
Gp1_AJ249395 8350 8375 0.6
Gp1_AJ249395 8375 8400 0.2
Gp1_AJ249395 8400 8425 0.08
Gp1_AJ249395 8425 8450 0.36
Gp1_AJ249395 8450 8475 0.52
Gp1_AJ249395 8475 8500 0.2
Gp1_AJ249395 8500 8525 0.4
Gp1_AJ249395 8525 8550 0.36
Gp1_AJ249395 8550 8575 0.52
Gp1_AJ249395 8575 8600 0.48
Gp1_AJ249395 8600 8625 0.52
Gp1_AJ249395 8625 8650 0.48
Gp1_AJ249395 8650 8675 0.4
Gp1_AJ249395 8675 8700 0.36
Gp1_AJ249395 8700 8725 0.6
Gp1_AJ249395 8725 8750 0.52
Gp1_AJ249395 8750 8775 0.56
Gp1_AJ249395 8775 8800 0.48
Gp1_AJ249395 8800 8825 0.92
Gp1_AJ249395 8825 8850 0.48
Gp1_AJ249395 8850 8875 0.44
Gp1_AJ249395 8875 8900 0.4
Gp1_AJ249395 8900 8925 0.56
Gp1_AJ249395 8925 8950 0.32
Gp1_AJ249395 8950 8975 0.32
Gp1_AJ249395 8975 9000 0.34
Gp1_AJ249395 9000 9025 0.48
Gp1_AJ249395 9025 9050 0.4
Gp1_AJ249395 9050 9075 0.48
Gp1_AJ249395 9075 9100 0.52
Gp1_AJ249395 9100 9125 0.36
Gp1_AJ249395 9125 9150 0.48
Gp1_AJ249395 9150 9175 0.44
Gp1_AJ249395 9175 9200 0.32
Gp1_AJ249395 9200 9225 0.52
Gp1_AJ249395 9225 9250 0.24
Gp1_AJ249395 9250 9275 0.56
Gp1_AJ249395 9275 9300 0.4
Gp1_AJ249395 9300 9325 0.44
Gp1_AJ249395 9325 9350 0.24
Gp1_AJ249395 9350 9375 0.12
Gp1_AJ249395 9375 9400 0.3
Gp1_AJ249395 9400 9425 0.24
Gp1_AJ249395 9425 9428 0.333
Gp2_DQ631911 0 25 0.16
Gp2_DQ631911 25 50 0.12
Gp2_DQ631911 50 75 0.56
Gp2_DQ631911 75 100 0.2
Gp2_DQ631911 100 125 0.2
Gp2_DQ631911 125 150 0.2
Gp2_DQ631911 150 175 0.2
Gp2_DQ631911 175 200 0.56
Gp2_DQ631911 200 225 0.28
Gp2_DQ631911 225 250 0.32
Gp2_DQ631911 250 275 0.36
Gp2_DQ631911 275 300 0.36
Gp2_DQ631911 300 325 0.44
Gp2_DQ631911 325 350 0.52
Gp2_DQ631911 350 375 0.4
Gp2_DQ631911 375 400 0.44
Gp2_DQ631911 400 425 0.56
Gp2_DQ631911 425 450 0.36
Gp2_DQ631911 450 475 0.32
Gp2_DQ631911 475 500 0.4
Gp2_DQ631911 500 525 0.4
Gp2_DQ631911 525 550 0.44
Gp2_DQ631911 550 575 0.08
Gp2_DQ631911 575 600 0.44
Gp2_DQ631911 600 625 0.52
Gp2_DQ631911 625 650 0.32
Gp2_DQ631911 650 675 0.16
Gp2_DQ631911 675 700 0.12
Gp2_DQ631911 700 725 0.2
Gp2_DQ631911 725 750 0.24
Gp2_DQ631911 750 775 0.08
Gp2_DQ631911 775 800 0.0
Gp2_DQ631911 800 825 0.16
Gp2_DQ631911 825 850 0.6
Gp2_DQ631911 850 875 0.36
Gp2_DQ631911 875 900 0.24
Gp2_DQ631911 900 925 0.16
Gp2_DQ631911 925 950 0.36
Gp2_DQ631911 950 975 0.16
Gp2_DQ631911 975 1000 0.32
Gp2_DQ631911 1000 1025 0.16
Gp2_DQ631911 1025 1050 0.24
Gp2_DQ631911 1050 1075 0.36
Gp2_DQ631911 1075 1100 0.16
Gp2_DQ631911 1100 1125 0.24
Gp2_DQ631911 1125 1150 0.16
Gp2_DQ631911 1150 1175 0.16
Gp2_DQ631911 1175 1200 0.16
Gp2_DQ631911 1200 1225 0.28
Gp2_DQ631911 1225 1250 0.36
Gp2_DQ631911 1250 1275 0.28
Gp2_DQ631911 1275 1300 0.48
Gp2_DQ631911 1300 1325 0.44
Gp2_DQ631911 1325 1350 0.36
Gp2_DQ631911 1350 1375 0.44
Gp2_DQ631911 1375 1400 0.08
Gp2_DQ631911 1400 1425 0.36
Gp2_DQ631911 1425 1450 0.24
Gp2_DQ631911 1450 1475 0.44
Gp2_DQ631911 1475 1500 0.28
Gp2_DQ631911 1500 1525 0.36
Gp2_DQ631911 1525 1550 0.56
Gp2_DQ631911 1550 1575 0.32
Gp2_DQ631911 1575 1600 0.32
Gp2_DQ631911 1600 1625 0.28
Gp2_DQ631911 1625 1650 0.24
Gp2_DQ631911 1650 1675 0.44
Gp2_DQ631911 1675 1700 0.2
Gp2_DQ631911 1700 1725 0.28
Gp2_DQ631911 1725 1750 0.56
Gp2_DQ631911 1750 1775 0.2
Gp2_DQ631911 1775 1800 0.04
Gp2_DQ631911 1800 1825 0.16
Gp2_DQ631911 1825 1850 0.2
Gp2_DQ631911 1850 1875 0.4
Gp2_DQ631911 1875 1900 0.16
Gp2_DQ631911 1900 1925 0.24
Gp2_DQ631911 1925 1950 0.16
Gp2_DQ631911 1950 1975 0.16
Gp2_DQ631911 1975 2000 0.48
Gp2_DQ631911 2000 2025 0.2
Gp2_DQ631911 2025 2050 0.12
Gp2_DQ631911 2050 2075 0.44
Gp2_DQ631911 2075 2100 0.24
Gp2_DQ631911 2100 2125 0.24
Gp2_DQ631911 2125 2150 0.08
Gp2_DQ631911 2150 2175 0.48
Gp2_DQ631911 2175 2200 0.36
Gp2_DQ631911 2200 2225 0.48
Gp2_DQ631911 2225 2250 0.52
Gp2_DQ631911 2250 2275 0.2
Gp2_DQ631911 2275 2300 0.32
Gp2_DQ631911 2300 2325 0.2
Gp2_DQ631911 2325 2350 0.28
Gp2_DQ631911 2350 2375 0.52
Gp2_DQ631911 2375 2400 0.52
Gp2_DQ631911 2400 2425 0.52
Gp2_DQ631911 2425 2450 0.28
Gp2_DQ631911 2450 2475 0.36
Gp2_DQ631911 2475 2500 0.36
Gp2_DQ631911 2500 2525 0.4
Gp2_DQ631911 2525 2550 0.4
Gp2_DQ631911 2550 2575 0.44
Gp2_DQ631911 2575 2600 0.52
Gp2_DQ631911 2600 2625 0.36
Gp2_DQ631911 2625 2650 0.44
Gp2_DQ631911 2650 2675 0.32
Gp2_DQ631911 2675 2700 0.4
Gp2_DQ631911 2700 2725 0.28
Gp2_DQ631911 2725 2750 0.32
Gp2_DQ631911 2750 2775 0.24
Gp2_DQ631911 2775 2800 0.24
Gp2_DQ631911 2800 2825 0.2
Gp2_DQ631911 2825 2850 0.2
Gp2_DQ631911 2850 2875 0.24
Gp2_DQ631911 2875 2900 0.32
Gp2_DQ631911 2900 2925 0.36
Gp2_DQ631911 2925 2950 0.2
Gp2_DQ631911 2950 2975 0.32
Gp2_DQ631911 2975 3000 0.36
Gp2_DQ631911 3000 3025 0.16
Gp2_DQ631911 3025 3050 0.16
Gp2_DQ631911 3050 3075 0.36
Gp2_DQ631911 3075 3100 0.28
Gp2_DQ631911 3100 3125 0.28
Gp2_DQ631911 3125 3150 0.28
Gp2_DQ631911 3150 3175 0.28
Gp2_DQ631911 3175 3200 0.24
Gp2_DQ631911 3200 3225 0.0
Gp2_DQ631911 3225 3250 0.36
Gp2_DQ631911 3250 3275 0.52
Gp2_DQ631911 3275 3300 0.52
Gp2_DQ631911 3300 3325 0.44
Gp2_DQ631911 3325 3350 0.16
Gp2_DQ631911 3350 3375 0.16
Gp2_DQ631911 3375 3400 0.28
Gp2_DQ631911 3400 3425 0.68
Gp2_DQ631911 3425 3450 0.44
Gp2_DQ631911 3450 3475 0.44
Gp2_DQ631911 3475 3500 0.16
Gp2_DQ631911 3500 3525 0.24
Gp2_DQ631911 3525 3550 0.2
Gp2_DQ631911 3550 3575 0.4
Gp2_DQ631911 3575 3600 0.2
Gp2_DQ631911 3600 3625 0.52
Gp2_DQ631911 3625 3650 0.24
Gp2_DQ631911 3650 3675 0.24
Gp2_DQ631911 3675 3700 0.04
Gp2_DQ631911 3700 3725 0.32
Gp2_DQ631911 3725 3750 0.16
Gp2_DQ631911 3750 3775 0.24
Gp2_DQ631911 3775 3800 0.28
Gp2_DQ631911 3800 3825 0.12
Gp2_DQ631911 3825 3850 0.4
Gp2_DQ631911 3850 3875 0.48
Gp2_DQ631911 3875 3900 0.28
Gp2_DQ631911 3900 3925 0.16
Gp2_DQ631911 3925 3950 0.28
Gp2_DQ631911 3950 3975 0.16
Gp2_DQ631911 3975 4000 0.16
Gp2_DQ631911 4000 4025 0.48
Gp2_DQ631911 4025 4050 0.48
Gp2_DQ631911 4050 4075 0.36
Gp2_DQ631911 4075 4100 0.36
Gp2_DQ631911 4100 4125 0.24
Gp2_DQ631911 4125 4150 0.24
Gp2_DQ631911 4150 4175 0.28
Gp2_DQ631911 4175 4200 0.4
Gp2_DQ631911 4200 4225 0.36
Gp2_DQ631911 4225 4250 0.36
Gp2_DQ631911 4250 4275 0.24
Gp2_DQ631911 4275 4300 0.24
Gp2_DQ631911 4300 4325 0.2
Gp2_DQ631911 4325 4350 0.12
Gp2_DQ631911 4350 4375 0.24
Gp2_DQ631911 4375 4400 0.16
Gp2_DQ631911 4400 4425 0.08
Gp2_DQ631911 4425 4450 0.2
Gp2_DQ631911 4450 4475 0.4
Gp2_DQ631911 4475 4500 0.08
Gp2_DQ631911 4500 4525 0.16
Gp2_DQ631911 4525 4550 0.12
Gp2_DQ631911 4550 4575 0.16
Gp2_DQ631911 4575 4600 0.4
Gp2_DQ631911 4600 4625 0.76
Gp2_DQ631911 4625 4650 0.56
Gp2_DQ631911 4650 4675 0.72
Gp2_DQ631911 4675 4700 0.32
Gp2_DQ631911 4700 4725 0.68
Gp2_DQ631911 4725 4750 0.6
Gp2_DQ631911 4750 4775 0.28
Gp2_DQ631911 4775 4800 0.56
Gp2_DQ631911 4800 4825 0.08
Gp2_DQ631911 4825 4850 0.36
Gp2_DQ631911 4850 4875 0.04
Gp2_DQ631911 4875 4900 0.12
Gp2_DQ631911 4900 4925 0.28
Gp2_DQ631911 4925 4950 0.28
Gp2_DQ631911 4950 4975 0.24
Gp2_DQ631911 4975 5000 0.12
Gp2_DQ631911 5000 5025 0.2
Gp2_DQ631911 5025 5050 0.24
Gp2_DQ631911 5050 5075 0.4
Gp2_DQ631911 5075 5100 0.2
Gp2_DQ631911 5100 5125 0.68
Gp2_DQ631911 5125 5150 0.36
Gp2_DQ631911 5150 5175 0.68
Gp2_DQ631911 5175 5200 0.32
Gp2_DQ631911 5200 5225 0.4
Gp2_DQ631911 5225 5250 0.24
Gp2_DQ631911 5250 5275 0.2
Gp2_DQ631911 5275 5300 0.32
Gp2_DQ631911 5300 5325 0.52
Gp2_DQ631911 5325 5350 0.32
Gp2_DQ631911 5350 5375 0.6
Gp2_DQ631911 5375 5400 0.28
Gp2_DQ631911 5400 5425 0.48
Gp2_DQ631911 5425 5450 0.44
Gp2_DQ631911 5450 5475 0.52
Gp2_DQ631911 5475 5500 0.32
Gp2_DQ631911 5500 5525 0.24
Gp2_DQ631911 5525 5550 0.56
Gp2_DQ631911 5550 5575 0.52
Gp2_DQ631911 5575 5600 0.36
Gp2_DQ631911 5600 5625 0.2
Gp2_DQ631911 5625 5650 0.28
Gp2_DQ631911 5650 5675 0.28
Gp2_DQ631911 5675 5700 0.48
Gp2_DQ631911 5700 5725 0.48
Gp2_DQ631911 5725 5750 0.6
Gp2_DQ631911 5750 5775 0.64
Gp2_DQ631911 5775 5800 0.4
Gp2_DQ631911 5800 5825 0.4
Gp2_DQ631911 5825 5850 0.44
Gp2_DQ631911 5850 5875 0.32
Gp2_DQ631911 5875 5900 0.6
Gp2_DQ631911 5900 5925 0.4
Gp2_DQ631911 5925 5950 0.28
Gp2_DQ631911 5950 5975 0.64
Gp2_DQ631911 5975 6000 0.2
Gp2_DQ631911 6000 6025 0.36
Gp2_DQ631911 6025 6050 0.16
Gp2_DQ631911 6050 6075 0.32
Gp2_DQ631911 6075 6100 0.32
Gp2_DQ631911 6100 6125 0.08
Gp2_DQ631911 6125 6150 0.4
Gp2_DQ631911 6150 6175 0.24
Gp2_DQ631911 6175 6200 0.28
Gp2_DQ631911 6200 6225 0.56
Gp2_DQ631911 6225 6250 0.36
Gp2_DQ631911 6250 6275 0.52
Gp2_DQ631911 6275 6300 0.48
Gp2_DQ631911 6300 6325 0.4
Gp2_DQ631911 6325 6350 0.52
Gp2_DQ631911 6350 6375 0.48
Gp2_DQ631911 6375 6400 0.52
Gp2_DQ631911 6400 6425 0.44
Gp2_DQ631911 6425 6450 0.48
Gp2_DQ631911 6450 6475 0.32
Gp2_DQ631911 6475 6500 0.12
Gp2_DQ631911 6500 6525 0.16
Gp2_DQ631911 6525 6550 0.48
Gp2_DQ631911 6550 6575 0.48
Gp2_DQ631911 6575 6600 0.32
Gp2_DQ631911 6600 6625 0.44
Gp2_DQ631911 6625 6650 0.44
Gp2_DQ631911 6650 6675 0.4
Gp2_DQ631911 6675 6700 0.48
Gp2_DQ631911 6700 6725 0.52
Gp2_DQ631911 6725 6750 0.48
Gp2_DQ631911 6750 6775 0.4
Gp2_DQ631911 6775 6800 0.44
Gp2_DQ631911 6800 6825 0.56
Gp2_DQ631911 6825 6850 0.56
Gp2_DQ631911 6850 6875 0.56
Gp2_DQ631911 6875 6900 0.68
Gp2_DQ631911 6900 6925 0.64
Gp2_DQ631911 6925 6950 0.56
Gp2_DQ631911 6950 6975 0.32
Gp2_DQ631911 6975 7000 0.56
Gp2_DQ631911 7000 7025 0.36
Gp2_DQ631911 7025 7050 0.4
Gp2_DQ631911 7050 7075 0.32
Gp2_DQ631911 7075 7100 0.44
Gp2_DQ631911 7100 7125 0.44
Gp2_DQ631911 7125 7150 0.44
Gp2_DQ631911 7150 7175 0.56
Gp2_DQ631911 7175 7200 0.32
Gp2_DQ631911 7200 7225 0.52
Gp2_DQ631911 7225 7250 0.48
Gp2_DQ631911 7250 7275 0.36
Gp2_DQ631911 7275 7300 0.4
Gp2_DQ631911 7300 7325 0.36
Gp2_DQ631911 7325 7350 0.52
Gp2_DQ631911 7350 7375 0.36
Gp2_DQ631911 7375 7400 0.52
Gp2_DQ631911 7400 7425 0.32
Gp2_DQ631911 7425 7450 0.12
Gp2_DQ631911 7450 7475 0.24
Gp2_DQ631911 7475 7500 0.12
Gp2_DQ631911 7500 7511 0.455
Gp3_DQ631912 0 25 0.16
Gp3_DQ631912 25 50 0.28
Gp3_DQ631912 50 75 0.32
Gp3_DQ631912 75 100 0.36
Gp3_DQ631912 100 125 0.2
Gp3_DQ631912 125 150 0.24
Gp3_DQ631912 150 175 0.16
Gp3_DQ631912 175 200 0.56
Gp3_DQ631912 200 225 0.32
Gp3_DQ631912 225 250 0.32
Gp3_DQ631912 250 275 0.2
Gp3_DQ631912 275 300 0.2
Gp3_DQ631912 300 325 0.2
Gp3_DQ631912 325 350 0.28
Gp3_DQ631912 350 375 0.12
Gp3_DQ631912 375 400 0.32
Gp3_DQ631912 400 425 0.4
Gp3_DQ631912 425 450 0.2
Gp3_DQ631912 450 475 0.2
Gp3_DQ631912 475 500 0.28
Gp3_DQ631912 500 525 0.44
Gp3_DQ631912 525 550 0.28
Gp3_DQ631912 550 575 0.24
Gp3_DQ631912 575 600 0.2
Gp3_DQ631912 600 625 0.36
Gp3_DQ631912 625 650 0.28
Gp3_DQ631912 650 675 0.32
Gp3_DQ631912 675 700 0.28
Gp3_DQ631912 700 725 0.4
Gp3_DQ631912 725 750 0.12
Gp3_DQ631912 750 775 0.28
Gp3_DQ631912 775 800 0.44
Gp3_DQ631912 800 825 0.52
Gp3_DQ631912 825 850 0.28
Gp3_DQ631912 850 875 0.36
Gp3_DQ631912 875 900 0.4
Gp3_DQ631912 900 925 0.24
Gp3_DQ631912 925 950 0.24
Gp3_DQ631912 950 975 0.32
Gp3_DQ631912 975 1000 0.24
Gp3_DQ631912 1000 1025 0.4
Gp3_DQ631912 1025 1050 0.24
Gp3_DQ631912 1050 1075 0.36
Gp3_DQ631912 1075 1100 0.16
Gp3_DQ631912 1100 1125 0.4
Gp3_DQ631912 1125 1150 0.2
Gp3_DQ631912 1150 1175 0.28
Gp3_DQ631912 1175 1200 0.36
Gp3_DQ631912 1200 1225 0.32
Gp3_DQ631912 1225 1250 0.24
Gp3_DQ631912 1250 1275 0.2
Gp3_DQ631912 1275 1300 0.48
Gp3_DQ631912 1300 1325 0.52
Gp3_DQ631912 1325 1350 0.2
Gp3_DQ631912 1350 1375 0.4
Gp3_DQ631912 1375 1400 0.48
Gp3_DQ631912 1400 1425 0.56
Gp3_DQ631912 1425 1450 0.16
Gp3_DQ631912 1450 1475 0.28
Gp3_DQ631912 1475 1500 0.36
Gp3_DQ631912 1500 1525 0.32
Gp3_DQ631912 1525 1550 0.16
Gp3_DQ631912 1550 1575 0.2
Gp3_DQ631912 1575 1600 0.24
Gp3_DQ631912 1600 1625 0.24
Gp3_DQ631912 1625 1650 0.24
Gp3_DQ631912 1650 1675 0.24
Gp3_DQ631912 1675 1700 0.28
Gp3_DQ631912 1700 1725 0.24
Gp3_DQ631912 1725 1750 0.32
Gp3_DQ631912 1750 1775 0.36
Gp3_DQ631912 1775 1800 0.36
Gp3_DQ631912 1800 1825 0.52
Gp3_DQ631912 1825 1850 0.32
Gp3_DQ631912 1850 1875 0.4
Gp3_DQ631912 1875 1900 0.36
Gp3_DQ631912 1900 1925 0.4
Gp3_DQ631912 1925 1950 0.24
Gp3_DQ631912 1950 1975 0.48
Gp3_DQ631912 1975 2000 0.44
Gp3_DQ631912 2000 2025 0.4
Gp3_DQ631912 2025 2050 0.2
Gp3_DQ631912 2050 2075 0.16
Gp3_DQ631912 2075 2100 0.24
Gp3_DQ631912 2100 2125 0.2
Gp3_DQ631912 2125 2150 0.2
Gp3_DQ631912 2150 2175 0.4
Gp3_DQ631912 2175 2200 0.56
Gp3_DQ631912 2200 2225 0.32
Gp3_DQ631912 2225 2250 0.44
Gp3_DQ631912 2250 2275 0.28
Gp3_DQ631912 2275 2300 0.24
Gp3_DQ631912 2300 2325 0.24
Gp3_DQ631912 2325 2350 0.36
Gp3_DQ631912 2350 2375 0.28
Gp3_DQ631912 2375 2400 0.24
Gp3_DQ631912 2400 2425 0.56
Gp3_DQ631912 2425 2450 0.44
Gp3_DQ631912 2450 2475 0.48
Gp3_DQ631912 2475 2500 0.6
Gp3_DQ631912 2500 2525 0.52
Gp3_DQ631912 2525 2550 0.48
Gp3_DQ631912 2550 2575 0.44
Gp3_DQ631912 2575 2600 0.64
Gp3_DQ631912 2600 2625 0.48
Gp3_DQ631912 2625 2650 0.68
Gp3_DQ631912 2650 2675 0.64
Gp3_DQ631912 2675 2700 0.56
Gp3_DQ631912 2700 2725 0.4
Gp3_DQ631912 2725 2750 0.24
Gp3_DQ631912 2750 2775 0.6
Gp3_DQ631912 2775 2800 0.28
Gp3_DQ631912 2800 2825 0.2
Gp3_DQ631912 2825 2850 0.36
Gp3_DQ631912 2850 2875 0.24
Gp3_DQ631912 2875 2900 0.44
Gp3_DQ631912 2900 2925 0.6
Gp3_DQ631912 2925 2950 0.56
Gp3_DQ631912 2950 2975 0.4
Gp3_DQ631912 2975 3000 0.4
Gp3_DQ631912 3000 3025 0.24
Gp3_DQ631912 3025 3050 0.48
Gp3_DQ631912 3050 3075 0.56
Gp3_DQ631912 3075 3100 0.36
Gp3_DQ631912 3100 3125 0.28
Gp3_DQ631912 3125 3150 0.4
Gp3_DQ631912 3150 3175 0.12
Gp3_DQ631912 3175 3200 0.28
Gp3_DQ631912 3200 3225 0.24
Gp3_DQ631912 3225 3250 0.2
Gp3_DQ631912 3250 3275 0.4
Gp3_DQ631912 3275 3300 0.32
Gp3_DQ631912 3300 3325 0.32
Gp3_DQ631912 3325 3350 0.24
Gp3_DQ631912 3350 3375 0.28
Gp3_DQ631912 3375 3400 0.16
Gp3_DQ631912 3400 3425 0.4
Gp3_DQ631912 3425 3450 0.4
Gp3_DQ631912 3450 3475 0.44
Gp3_DQ631912 3475 3500 0.52
Gp3_DQ631912 3500 3525 0.28
Gp3_DQ631912 3525 3550 0.4
Gp3_DQ631912 3550 3575 0.52
Gp3_DQ631912 3575 3600 0.44
Gp3_DQ631912 3600 3625 0.36
Gp3_DQ631912 3625 3650 0.24
Gp3_DQ631912 3650 3675 0.4
Gp3_DQ631912 3675 3700 0.24
Gp3_DQ631912 3700 3725 0.52
Gp3_DQ631912 3725 3750 0.28
Gp3_DQ631912 3750 3775 0.24
Gp3_DQ631912 3775 3800 0.36
Gp3_DQ631912 3800 3825 0.32
Gp3_DQ631912 3825 3850 0.64
Gp3_DQ631912 3850 3875 0.64
Gp3_DQ631912 3875 3900 0.56
Gp3_DQ631912 3900 3925 0.56
Gp3_DQ631912 3925 3950 0.4
Gp3_DQ631912 3950 3975 0.4
Gp3_DQ631912 3975 4000 0.28
Gp3_DQ631912 4000 4025 0.44
Gp3_DQ631912 4025 4050 0.48
Gp3_DQ631912 4050 4075 0.36
Gp3_DQ631912 4075 4100 0.44
Gp3_DQ631912 4100 4125 0.4
Gp3_DQ631912 4125 4150 0.2
Gp3_DQ631912 4150 4175 0.24
Gp3_DQ631912 4175 4200 0.04
Gp3_DQ631912 4200 4225 0.32
Gp3_DQ631912 4225 4250 0.44
Gp3_DQ631912 4250 4275 0.04
Gp3_DQ631912 4275 4300 0.36
Gp3_DQ631912 4300 4325 0.28
Gp3_DQ631912 4325 4350 0.28
Gp3_DQ631912 4350 4375 0.48
Gp3_DQ631912 4375 4400 0.36
Gp3_DQ631912 4400 4425 0.48
Gp3_DQ631912 4425 4450 0.48
Gp3_DQ631912 4450 4475 0.4
Gp3_DQ631912 4475 4500 0.48
Gp3_DQ631912 4500 4525 0.48
Gp3_DQ631912 4525 4550 0.48
Gp3_DQ631912 4550 4575 0.56
Gp3_DQ631912 4575 4600 0.32
Gp3_DQ631912 4600 4625 0.56
Gp3_DQ631912 4625 4650 0.2
Gp3_DQ631912 4650 4675 0.08
Gp3_DQ631912 4675 4700 0.36
Gp3_DQ631912 4700 4725 0.56
Gp3_DQ631912 4725 4750 0.2
Gp3_DQ631912 4750 4775 0.4
Gp3_DQ631912 4775 4800 0.4
Gp3_DQ631912 4800 4825 0.48
Gp3_DQ631912 4825 4850 0.52
Gp3_DQ631912 4850 4875 0.52
Gp3_DQ631912 4875 4900 0.48
Gp3_DQ631912 4900 4925 0.4
Gp3_DQ631912 4925 4950 0.32
Gp3_DQ631912 4950 4975 0.6
Gp3_DQ631912 4975 5000 0.52
Gp3_DQ631912 5000 5025 0.56
Gp3_DQ631912 5025 5050 0.52
Gp3_DQ631912 5050 5075 0.88
Gp3_DQ631912 5075 5100 0.52
Gp3_DQ631912 5100 5125 0.4
Gp3_DQ631912 5125 5150 0.4
Gp3_DQ631912 5150 5175 0.56
Gp3_DQ631912 5175 5200 0.28
Gp3_DQ631912 5200 5225 0.32
Gp3_DQ631912 5225 5250 0.32
Gp3_DQ631912 5250 5275 0.48
Gp3_DQ631912 5275 5300 0.4
Gp3_DQ631912 5300 5325 0.52
Gp3_DQ631912 5325 5350 0.52
Gp3_DQ631912 5350 5375 0.28
Gp3_DQ631912 5375 5400 0.56
Gp3_DQ631912 5400 5425 0.4
Gp3_DQ631912 5425 5450 0.36
Gp3_DQ631912 5450 5475 0.48
Gp3_DQ631912 5475 5500 0.24
Gp3_DQ631912 5500 5525 0.52
Gp3_DQ631912 5525 5550 0.4
Gp3_DQ631912 5550 5575 0.44
Gp3_DQ631912 5575 5600 0.28
Gp3_DQ631912 5600 5625 0.04
Gp3_DQ631912 5625 5650 0.28
Gp3_DQ631912 5650 5675 0.24
Gp3_DQ631912 5675 5700 0.28
Gp3_DQ631912 5700 5725 0.24
Gp3_DQ631912 5725 5750 0.2
Gp3_DQ631912 5750 5775 0.08
Gp3_DQ631912 5775 5800 0.12
Gp3_DQ631912 5800 5825 0.24
Gp3_DQ631912 5825 5850 0.44
Gp3_DQ631912 5850 5875 0.4
Gp3_DQ631912 5875 5900 0.4
Gp3_DQ631912 5900 5925 0.56
Gp3_DQ631912 5925 5950 0.52
Gp3_DQ631912 5950 5975 0.48
Gp3_DQ631912 5975 6000 0.44
Gp3_DQ631912 6000 6025 0.32
Gp3_DQ631912 6025 6050 0.24
Gp3_DQ631912 6050 6075 0.12
Gp3_DQ631912 6075 6100 0.28
Gp3_DQ631912 6100 6125 0.4
Gp3_DQ631912 6125 6150 0.68
Gp3_DQ631912 6150 6175 0.36
Gp3_DQ631912 6175 6200 0.36
Gp3_DQ631912 6200 6225 0.16
Gp3_DQ631912 6225 6250 0.44
Gp3_DQ631912 6250 6275 0.28
Gp3_DQ631912 6275 6300 0.2
Gp3_DQ631912 6300 6325 0.24
Gp3_DQ631912 6325 6350 0.4
Gp3_DQ631912 6350 6375 0.6
Gp3_DQ631912 6375 6400 0.48
Gp4_DQ631913 0 25 0.04
Gp4_DQ631913 25 50 0.32
Gp4_DQ631913 50 75 0.2
Gp4_DQ631913 75 100 0.64
Gp4_DQ631913 100 125 0.32
Gp4_DQ631913 125 150 0.52
Gp4_DQ631913 150 175 0.6
Gp4_DQ631913 175 200 0.36
Gp4_DQ631913 200 225 0.56
Gp4_DQ631913 225 250 0.52
Gp4_DQ631913 250 275 0.32
Gp4_DQ631913 275 300 0.36
Gp4_DQ631913 300 325 0.4
Gp4_DQ631913 325 350 0.4
Gp4_DQ631913 350 375 0.24
Gp4_DQ631913 375 400 0.2
Gp4_DQ631913 400 425 0.16
Gp4_DQ631913 425 450 0.24
Gp4_DQ631913 450 475 0.04
Gp4_DQ631913 475 500 0.12
Gp4_DQ631913 500 525 0.52
Gp4_DQ631913 525 550 0.28
Gp4_DQ631913 550 575 0.24
Gp4_DQ631913 575 600 0.04
Gp4_DQ631913 600 625 0.24
Gp4_DQ631913 625 650 0.16
Gp4_DQ631913 650 675 0.12
Gp4_DQ631913 675 700 0.12
Gp4_DQ631913 700 725 0.08
Gp4_DQ631913 725 750 0.28
Gp4_DQ631913 750 775 0.4
Gp4_DQ631913 775 800 0.16
Gp4_DQ631913 800 825 0.12
Gp4_DQ631913 825 850 0.04
Gp4_DQ631913 850 875 0.24
Gp4_DQ631913 875 900 0.28
Gp4_DQ631913 900 925 0.24
Gp4_DQ631913 925 950 0.2
Gp4_DQ631913 950 975 0.2
Gp4_DQ631913 975 1000 0.24
Gp4_DQ631913 1000 1025 0.4
Gp4_DQ631913 1025 1050 0.16
Gp4_DQ631913 1050 1075 0.24
Gp4_DQ631913 1075 1100 0.08
Gp4_DQ631913 1100 1125 0.16
Gp4_DQ631913 1125 1150 0.28
Gp4_DQ631913 1150 1175 0.2
Gp4_DQ631913 1175 1200 0.4
Gp4_DQ631913 1200 1225 0.24
Gp4_DQ631913 1225 1250 0.08
Gp4_DQ631913 1250 1275 0.36
Gp4_DQ631913 1275 1300 0.32
Gp4_DQ631913 1300 1325 0.32
Gp4_DQ631913 1325 1350 0.12
Gp4_DQ631913 1350 1375 0.28
Gp4_DQ631913 1375 1400 0.2
Gp4_DQ631913 1400 1425 0.36
Gp4_DQ631913 1425 1450 0.12
Gp4_DQ631913 1450 1475 0.04
Gp4_DQ631913 1475 1500 0.16
Gp4_DQ631913 1500 1525 0.12
Gp4_DQ631913 1525 1550 0.32
Gp4_DQ631913 1550 1575 0.4
Gp4_DQ631913 1575 1600 0.24
Gp4_DQ631913 1600 1625 0.08
Gp4_DQ631913 1625 1650 0.08
Gp4_DQ631913 1650 1675 0.12
Gp4_DQ631913 1675 1700 0.2
Gp4_DQ631913 1700 1725 0.36
Gp4_DQ631913 1725 1750 0.52
Gp4_DQ631913 1750 1775 0.4
Gp4_DQ631913 1775 1800 0.24
Gp4_DQ631913 1800 1825 0.36
Gp4_DQ631913 1825 1850 0.48
Gp4_DQ631913 1850 1875 0.4
Gp4_DQ631913 1875 1900 0.4
Gp4_DQ631913 1900 1925 0.2
Gp4_DQ631913 1925 1950 0.2
Gp4_DQ631913 1950 1975 0.16
Gp4_DQ631913 1975 2000 0.32
Gp4_DQ631913 2000 2025 0.28
Gp4_DQ631913 2025 2050 0.16
Gp4_DQ631913 2050 2075 0.44
Gp4_DQ631913 2075 2100 0.24
Gp4_DQ631913 2100 2125 0.2
Gp4_DQ631913 2125 2150 0.12
Gp4_DQ631913 2150 2175 0.28
Gp4_DQ631913 2175 2200 0.28
Gp4_DQ631913 2200 2225 0.36
Gp4_DQ631913 2225 2250 0.12
Gp4_DQ631913 2250 2275 0.16
Gp4_DQ631913 2275 2300 0.16
Gp4_DQ631913 2300 2325 0.24
Gp4_DQ631913 2325 2350 0.36
Gp4_DQ631913 2350 2375 0.04
Gp4_DQ631913 2375 2400 0.16
Gp4_DQ631913 2400 2425 0.24
Gp4_DQ631913 2425 2450 0.08
Gp4_DQ631913 2450 2475 0.12
Gp4_DQ631913 2475 2500 0.16
Gp4_DQ631913 2500 2525 0.36
Gp4_DQ631913 2525 2550 0.2
Gp4_DQ631913 2550 2575 0.08
Gp4_DQ631913 2575 2600 0.36
Gp4_DQ631913 2600 2625 0.08
Gp4_DQ631913 2625 2650 0.32
Gp4_DQ631913 2650 2675 0.16
Gp4_DQ631913 2675 2700 0.4
Gp4_DQ631913 2700 2725 0.28
Gp4_DQ631913 2725 2750 0.44
Gp4_DQ631913 2750 2775 0.44
Gp4_DQ631913 2775 2800 0.28
Gp4_DQ631913 2800 2825 0.32
Gp4_DQ631913 2825 2850 0.16
Gp4_DQ631913 2850 2875 0.12
Gp4_DQ631913 2875 2900 0.2
Gp4_DQ631913 2900 2925 0.08
Gp4_DQ631913 2925 2950 0.32
Gp4_DQ631913 2950 2975 0.12
Gp4_DQ631913 2975 3000 0.32
Gp4_DQ631913 3000 3025 0.24
Gp4_DQ631913 3025 3050 0.32
Gp4_DQ631913 3050 3075 0.2
Gp4_DQ631913 3075 3100 0.48
Gp4_DQ631913 3100 3125 0.24
Gp4_DQ631913 3125 3150 0.28
Gp4_DQ631913 3150 3175 0.2
Gp4_DQ631913 3175 3200 0.2
Gp4_DQ631913 3200 3225 0.24
Gp4_DQ631913 3225 3250 0.32
Gp4_DQ631913 3250 3275 0.32
Gp4_DQ631913 3275 3300 0.12
Gp4_DQ631913 3300 3325 0.16
Gp4_DQ631913 3325 3350 0.48
Gp4_DQ631913 3350 3375 0.04
Gp4_DQ631913 3375 3400 0.24
Gp4_DQ631913 3400 3425 0.08
Gp4_DQ631913 3425 3450 0.32
Gp4_DQ631913 3450 3475 0.48
Gp4_DQ631913 3475 3500 0.6
Gp4_DQ631913 3500 3525 0.6
Gp4_DQ631913 3525 3550 0.56
Gp4_DQ631913 3550 3575 0.4
Gp4_DQ631913 3575 3600 0.64
Gp4_DQ631913 3600 3625 0.72
Gp4_DQ631913 3625 3650 0.24
Gp4_DQ631913 3650 3675 0.4
Gp4_DQ631913 3675 3700 0.12
Gp4_DQ631913 3700 3725 0.28
Gp4_DQ631913 3725 3750 0.04
Gp4_DQ631913 3750 3775 0.16
Gp4_DQ631913 3775 3800 0.28
Gp4_DQ631913 3800 3825 0.24
Gp4_DQ631913 3825 3850 0.28
Gp4_DQ631913 3850 3875 0.12
Gp4_DQ631913 3875 3900 0.2
Gp4_DQ631913 3900 3925 0.24
Gp4_DQ631913 3925 3950 0.32
Gp4_DQ631913 3950 3975 0.32
Gp4_DQ631913 3975 4000 0.36
Gp4_DQ631913 4000 4025 0.6
Gp4_DQ631913 4025 4050 0.68
Gp4_DQ631913 4050 4075 0.32
Gp4_DQ631913 4075 4100 0.28
Gp4_DQ631913 4100 4125 0.24
Gp4_DQ631913 4125 4150 0.32
Gp4_DQ631913 4150 4175 0.32
Gp4_DQ631913 4175 4200 0.48
Gp4_DQ631913 4200 4225 0.4
Gp4_DQ631913 4225 4250 0.4
Gp4_DQ631913 4250 4275 0.44
Gp4_DQ631913 4275 4300 0.44
Gp4_DQ631913 4300 4325 0.56
Gp4_DQ631913 4325 4350 0.32
Gp4_DQ631913 4350 4375 0.36
Gp4_DQ631913 4375 4400 0.4
Gp4_DQ631913 4400 4425 0.44
Gp4_DQ631913 4425 4450 0.48
Gp4_DQ631913 4450 4475 0.2
Gp4_DQ631913 4475 4500 0.36
Gp4_DQ631913 4500 4525 0.28
Gp4_DQ631913 4525 4550 0.36
Gp4_DQ631913 4550 4575 0.28
Gp4_DQ631913 4575 4600 0.28
Gp4_DQ631913 4600 4625 0.44
Gp4_DQ631913 4625 4650 0.6
Gp4_DQ631913 4650 4675 0.6
Gp4_DQ631913 4675 4700 0.4
Gp4_DQ631913 4700 4725 0.48
Gp4_DQ631913 4725 4750 0.36
Gp4_DQ631913 4750 4775 0.32
Gp4_DQ631913 4775 4800 0.52
Gp4_DQ631913 4800 4825 0.44
Gp4_DQ631913 4825 4850 0.36
Gp4_DQ631913 4850 4875 0.6
Gp4_DQ631913 4875 4900 0.36
Gp4_DQ631913 4900 4925 0.32
Gp4_DQ631913 4925 4950 0.08
Gp4_DQ631913 4950 4975 0.32
Gp4_DQ631913 4975 5000 0.36
Gp4_DQ631913 5000 5025 0.16
Gp4_DQ631913 5025 5050 0.24
Gp4_DQ631913 5050 5075 0.32
Gp4_DQ631913 5075 5100 0.24
Gp4_DQ631913 5100 5125 0.36
Gp4_DQ631913 5125 5150 0.48
Gp4_DQ631913 5150 5175 0.48
Gp4_DQ631913 5175 5200 0.4
Gp4_DQ631913 5200 5225 0.48
Gp4_DQ631913 5225 5250 0.4
Gp4_DQ631913 5250 5275 0.4
Gp4_DQ631913 5275 5300 0.56
Gp4_DQ631913 5300 5325 0.36
Gp4_DQ631913 5325 5350 0.56
Gp4_DQ631913 5350 5375 0.2
Gp4_DQ631913 5375 5400 0.08
Gp4_DQ631913 5400 5425 0.44
Gp4_DQ631913 5425 5450 0.4
Gp4_DQ631913 5450 5475 0.28
Gp4_DQ631913 5475 5500 0.56
Gp4_DQ631913 5500 5525 0.32
Gp4_DQ631913 5525 5550 0.32
Gp4_DQ631913 5550 5575 0.36
Gp4_DQ631913 5575 5600 0.32
Gp4_DQ631913 5600 5625 0.4
Gp4_DQ631913 5625 5650 0.44
Gp4_DQ631913 5650 5675 0.64
Gp4_DQ631913 5675 5700 0.28
Gp4_DQ631913 5700 5725 0.36
Gp4_DQ631913 5725 5750 0.4
Gp4_DQ631913 5750 5775 0.48
Gp4_DQ631913 5775 5800 0.6
Gp4_DQ631913 5800 5825 0.48
Gp4_DQ631913 5825 5850 0.52
Gp4_DQ631913 5850 5875 0.28
Gp4_DQ631913 5875 5900 0.6
Gp4_DQ631913 5900 5925 0.52
Gp4_DQ631913 5925 5950 0.24
Gp4_DQ631913 5950 5975 0.36
Gp4_DQ631913 5975 6000 0.4
Gp4_DQ631913 6000 6025 0.44
Gp4_DQ631913 6025 6050 0.52
Gp4_DQ631913 6050 6075 0.52
Gp4_DQ631913 6075 6100 0.4
Gp4_DQ631913 6100 6125 0.32
Gp4_DQ631913 6125 6150 0.6
Gp4_DQ631913 6150 6175 0.36
Gp4_DQ631913 6175 6200 0.36
Gp4_DQ631913 6200 6225 0.36
Gp4_DQ631913 6225 6250 0.32
Gp4_DQ631913 6250 6275 0.56
Gp4_DQ631913 6275 6300 0.4
Gp4_DQ631913 6300 6325 0.36
Gp4_DQ631913 6325 6350 0.28
Gp4_DQ631913 6350 6375 0.08
Gp4_DQ631913 6375 6400 0.24
Gp4_DQ631913 6400 6425 0.28
Gp4_DQ631913 6425 6450 0.24
Gp4_DQ631913 6450 6475 0.32
Gp4_DQ631913 6475 6500 0.16
Gp4_DQ631913 6500 6525 0.16
Gp4_DQ631913 6525 6550 0.2
Gp4_DQ631913 6550 6575 0.2
Gp4_DQ631913 6575 6600 0.4
Gp4_DQ631913 6600 6625 0.36
Gp4_DQ631913 6625 6650 0.32
Gp4_DQ631913 6650 6675 0.24
Gp4_DQ631913 6675 6700 0.28
Gp4_DQ631913 6700 6725 0.2
Gp4_DQ631913 6725 6750 0.12
Gp4_DQ631913 6750 6775 0.16
Gp4_DQ631913 6775 6800 0.2
Gp4_DQ631913 6800 6825 0.24
Gp4_DQ631913 6825 6850 0.36
Gp4_DQ631913 6850 6875 0.36
Gp4_DQ631913 6875 6900 0.2
Gp4_DQ631913 6900 6925 0.48
Gp4_DQ631913 6925 6950 0.32
Gp4_DQ631913 6950 6975 0.28
Gp4_DQ631913 6975 7000 0.36
Gp4_DQ631913 7000 7025 0.32
Gp4_DQ631913 7025 7050 0.48
Gp4_DQ631913 7050 7075 0.32
Gp4_DQ631913 7075 7100 0.16
Gp4_DQ631913 7100 7125 0.2
Gp4_DQ631913 7125 7150 0.36
Gp4_DQ631913 7150 7175 0.24
Gp4_DQ631913 7175 7200 0.4
Gp4_DQ631913 7200 7225 0.36
Gp4_DQ631913 7225 7250 0.44
Gp4_DQ631913 7250 7275 0.08
Gp4_DQ631913 7275 7300 0.28
Gp4_DQ631913 7300 7325 0.24
Gp4_DQ631913 7325 7350 0.28
Gp4_DQ631913 7350 7375 0.4
Gp4_DQ631913 7375 7400 0.36
Gp4_DQ631913 7400 7425 0.16
Gp4_DQ631913 7425 7450 0.4
Gp4_DQ631913 7450 7475 0.32
Gp4_DQ631913 7475 7500 0.36
Gp4_DQ631913 7500 7525 0.32
Gp4_DQ631913 7525 7550 0.44
Gp4_DQ631913 7550 7560 0.6
Gp5_DQ631914 0 25 0.44
Gp5_DQ631914 25 50 0.36
Gp5_DQ631914 50 75 0.52
Gp5_DQ631914 75 100 0.52
Gp5_DQ631914 100 125 0.44
Gp5_DQ631914 125 150 0.16
Gp5_DQ631914 150 175 0.56
Gp5_DQ631914 175 200 0.2
Gp5_DQ631914 200 225 0.36
Gp5_DQ631914 225 250 0.4
Gp5_DQ631914 250 275 0.44
Gp5_DQ631914 275 300 0.28
Gp5_DQ631914 300 325 0.56
Gp5_DQ631914 325 350 0.52
Gp5_DQ631914 350 375 0.64
Gp5_DQ631914 375 400 0.56
Gp5_DQ631914 400 425 0.4
Gp5_DQ631914 425 450 0.32
Gp5_DQ631914 450 475 0.32
Gp5_DQ631914 475 500 0.2
Gp5_DQ631914 500 525 0.16
Gp5_DQ631914 525 550 0.48
Gp5_DQ631914 550 575 0.28
Gp5_DQ631914 575 600 0.16
Gp5_DQ631914 600 625 0.52
Gp5_DQ631914 625 650 0.28
Gp5_DQ631914 650 675 0.4
Gp5_DQ631914 675 700 0.56
Gp5_DQ631914 700 725 0.6
Gp5_DQ631914 725 750 0.28
Gp5_DQ631914 750 775 0.48
Gp5_DQ631914 775 800 0.36
Gp5_DQ631914 800 825 0.56
Gp5_DQ631914 825 850 0.4
Gp5_DQ631914 850 875 0.48
Gp5_DQ631914 875 900 0.36
Gp5_DQ631914 900 925 0.32
Gp5_DQ631914 925 950 0.12
Gp5_DQ631914 950 975 0.36
Gp5_DQ631914 975 1000 0.52
Gp5_DQ631914 1000 1025 0.32
Gp5_DQ631914 1025 1050 0.4
Gp5_DQ631914 1050 1075 0.28
Gp5_DQ631914 1075 1100 0.44
Gp5_DQ631914 1100 1125 0.24
Gp5_DQ631914 1125 1150 0.32
Gp5_DQ631914 1150 1175 0.2
Gp5_DQ631914 1175 1200 0.36
Gp5_DQ631914 1200 1225 0.24
Gp5_DQ631914 1225 1250 0.6
Gp5_DQ631914 1250 1275 0.24
Gp5_DQ631914 1275 1300 0.24
Gp5_DQ631914 1300 1325 0.28
Gp5_DQ631914 1325 1350 0.16
Gp5_DQ631914 1350 1375 0.52
Gp5_DQ631914 1375 1400 0.44
Gp5_DQ631914 1400 1425 0.36
Gp5_DQ631914 1425 1450 0.36
Gp5_DQ631914 1450 1475 0.56
Gp5_DQ631914 1475 1500 0.56
Gp5_DQ631914 1500 1525 0.6
Gp5_DQ631914 1525 1550 0.4
Gp5_DQ631914 1550 1575 0.4
Gp5_DQ631914 1575 1600 0.36
Gp5_DQ631914 1600 1625 0.12
Gp5_DQ631914 1625 1650 0.28
Gp5_DQ631914 1650 1675 0.44
Gp5_DQ631914 1675 1700 0.32
Gp5_DQ631914 1700 1725 0.36
Gp5_DQ631914 1725 1750 0.2
Gp5_DQ631914 1750 1775 0.4
Gp5_DQ631914 1775 1800 0.52
Gp5_DQ631914 1800 1825 0.52
Gp5_DQ631914 1825 1850 0.68
Gp5_DQ631914 1850 1875 0.48
Gp5_DQ631914 1875 1900 0.6
Gp5_DQ631914 1900 1925 0.64
Gp5_DQ631914 1925 1950 0.48
Gp5_DQ631914 1950 1975 0.52
Gp5_DQ631914 1975 2000 0.6
Gp5_DQ631914 2000 2025 0.64
Gp5_DQ631914 2025 2050 0.48
Gp5_DQ631914 2050 2075 0.4
Gp5_DQ631914 2075 2100 0.72
Gp5_DQ631914 2100 2125 0.6
Gp5_DQ631914 2125 2150 0.72
Gp5_DQ631914 2150 2175 0.44
Gp5_DQ631914 2175 2200 0.6
Gp5_DQ631914 2200 2225 0.4
Gp5_DQ631914 2225 2250 0.48
Gp5_DQ631914 2250 2275 0.32
Gp5_DQ631914 2275 2300 0.44
Gp5_DQ631914 2300 2325 0.52
Gp5_DQ631914 2325 2350 0.6
Gp5_DQ631914 2350 2375 0.44
Gp5_DQ631914 2375 2400 0.32
Gp5_DQ631914 2400 2425 0.52
Gp5_DQ631914 2425 2450 0.48
Gp5_DQ631914 2450 2475 0.72
Gp5_DQ631914 2475 2500 0.44
Gp5_DQ631914 2500 2525 0.4
Gp5_DQ631914 2525 2550 0.36
Gp5_DQ631914 2550 2575 0.64
Gp5_DQ631914 2575 2600 0.68
Gp5_DQ631914 2600 2625 0.52
Gp5_DQ631914 2625 2650 0.48
Gp5_DQ631914 2650 2675 0.56
Gp5_DQ631914 2675 2700 0.36
Gp5_DQ631914 2700 2725 0.4
Gp5_DQ631914 2725 2750 0.12
Gp5_DQ631914 2750 2775 0.4
Gp5_DQ631914 2775 2800 0.16
Gp5_DQ631914 2800 2825 0.12
Gp5_DQ631914 2825 2850 0.2
Gp5_DQ631914 2850 2875 0.28
Gp5_DQ631914 2875 2900 0.16
Gp5_DQ631914 2900 2925 0.28
Gp5_DQ631914 2925 2950 0.2
Gp5_DQ631914 2950 2975 0.2
Gp5_DQ631914 2975 3000 0.24
Gp5_DQ631914 3000 3025 0.64
Gp5_DQ631914 3025 3050 0.48
Gp5_DQ631914 3050 3075 0.44
Gp5_DQ631914 3075 3100 0.36
Gp5_DQ631914 3100 3125 0.52
Gp5_DQ631914 3125 3150 0.12
Gp5_DQ631914 3150 3175 0.44
Gp5_DQ631914 3175 3200 0.04
Gp5_DQ631914 3200 3225 0.08
Gp5_DQ631914 3225 3250 0.2
Gp5_DQ631914 3250 3275 0.36
Gp5_DQ631914 3275 3300 0.12
Gp5_DQ631914 3300 3325 0.24
Gp5_DQ631914 3325 3350 0.24
Gp5_DQ631914 3350 3375 0.12
Gp5_DQ631914 3375 3400 0.32
Gp5_DQ631914 3400 3425 0.2
Gp5_DQ631914 3425 3450 0.48
Gp5_DQ631914 3450 3475 0.28
Gp5_DQ631914 3475 3500 0.48
Gp5_DQ631914 3500 3525 0.56
Gp5_DQ631914 3525 3550 0.4
Gp5_DQ631914 3550 3575 0.52
Gp5_DQ631914 3575 3600 0.36
Gp5_DQ631914 3600 3625 0.44
Gp5_DQ631914 3625 3650 0.28
Gp5_DQ631914 3650 3675 0.32
Gp5_DQ631914 3675 3700 0.32
Gp5_DQ631914 3700 3725 0.4
Gp5_DQ631914 3725 3750 0.4
Gp5_DQ631914 3750 3775 0.56
Gp5_DQ631914 3775 3800 0.6
Gp5_DQ631914 3800 3825 0.36
Gp5_DQ631914 3825 3850 0.36
Gp5_DQ631914 3850 3875 0.36
Gp5_DQ631914 3875 3900 0.36
Gp5_DQ631914 3900 3925 0.44
Gp5_DQ631914 3925 3950 0.4
Gp5_DQ631914 3950 3975 0.56
Gp5_DQ631914 3975 4000 0.4
Gp5_DQ631914 4000 4025 0.4
Gp5_DQ631914 4025 4050 0.56
Gp5_DQ631914 4050 4075 0.36
Gp5_DQ631914 4075 4100 0.6
Gp5_DQ631914 4100 4125 0.36
Gp5_DQ631914 4125 4150 0.56
Gp5_DQ631914 4150 4175 0.36
Gp5_DQ631914 4175 4200 0.4
Gp5_DQ631914 4200 4225 0.48
Gp5_DQ631914 4225 4250 0.52
Gp5_DQ631914 4250 4275 0.36
Gp5_DQ631914 4275 4300 0.2
Gp5_DQ631914 4300 4325 0.64
Gp5_DQ631914 4325 4350 0.48
Gp5_DQ631914 4350 4375 0.44
Gp5_DQ631914 4375 4400 0.32
Gp5_DQ631914 4400 4425 0.2
Gp5_DQ631914 4425 4450 0.32
Gp5_DQ631914 4450 4475 0.36
Gp5_DQ631914 4475 4500 0.36
Gp5_DQ631914 4500 4525 0.6
Gp5_DQ631914 4525 4550 0.68
Gp5_DQ631914 4550 4575 0.4
Gp5_DQ631914 4575 4600 0.44
Gp5_DQ631914 4600 4625 0.44
Gp5_DQ631914 4625 4650 0.28
Gp5_DQ631914 4650 4675 0.6
Gp5_DQ631914 4675 4700 0.4
Gp5_DQ631914 4700 4725 0.28
Gp5_DQ631914 4725 4750 0.56
Gp5_DQ631914 4750 4775 0.24
Gp5_DQ631914 4775 4800 0.32
Gp5_DQ631914 4800 4825 0.08
Gp5_DQ631914 4825 4850 0.32
Gp5_DQ631914 4850 4875 0.36
Gp5_DQ631914 4875 4900 0.12
Gp5_DQ631914 4900 4925 0.36
Gp5_DQ631914 4925 4950 0.24
Gp5_DQ631914 4950 4975 0.32
Gp5_DQ631914 4975 5000 0.36
Gp5_DQ631914 5000 5025 0.44
Gp5_DQ631914 5025 5050 0.48
Gp5_DQ631914 5050 5075 0.36
Gp5_DQ631914 5075 5100 0.48
Gp5_DQ631914 5100 5125 0.44
Gp5_DQ631914 5125 5150 0.44
Gp5_DQ631914 5150 5175 0.44
Gp5_DQ631914 5175 5200 0.36
Gp5_DQ631914 5200 5225 0.6
Gp5_DQ631914 5225 5250 0.12
Gp5_DQ631914 5250 5275 0.08
Gp5_DQ631914 5275 5300 0.48
Gp5_DQ631914 5300 5325 0.36
Gp5_DQ631914 5325 5350 0.2
Gp5_DQ631914 5350 5375 0.52
Gp5_DQ631914 5375 5400 0.32
Gp5_DQ631914 5400 5425 0.32
Gp5_DQ631914 5425 5450 0.44
Gp5_DQ631914 5450 5475 0.28
Gp5_DQ631914 5475 5500 0.36
Gp5_DQ631914 5500 5525 0.52
Gp5_DQ631914 5525 5550 0.56
Gp5_DQ631914 5550 5575 0.32
Gp5_DQ631914 5575 5600 0.32
Gp5_DQ631914 5600 5625 0.48
Gp5_DQ631914 5625 5650 0.48
Gp5_DQ631914 5650 5675 0.56
Gp5_DQ631914 5675 5700 0.56
Gp5_DQ631914 5700 5725 0.44
Gp5_DQ631914 5725 5750 0.28
Gp5_DQ631914 5750 5775 0.64
Gp5_DQ631914 5775 5800 0.4
Gp5_DQ631914 5800 5825 0.32
Gp5_DQ631914 5825 5850 0.32
Gp5_DQ631914 5850 5875 0.44
Gp5_DQ631914 5875 5900 0.44
Gp5_DQ631914 5900 5925 0.48
Gp5_DQ631914 5925 5950 0.6
Gp5_DQ631914 5950 5975 0.36
Gp5_DQ631914 5975 6000 0.36
Gp5_DQ631914 6000 6025 0.6
Gp5_DQ631914 6025 6050 0.4
Gp5_DQ631914 6050 6075 0.28
Gp5_DQ631914 6075 6100 0.32
Gp5_DQ631914 6100 6125 0.48
Gp5_DQ631914 6125 6150 0.4
Gp5_DQ631914 6150 6175 0.48
Gp5_DQ631914 6175 6200 0.4
Gp5_DQ631914 6200 6225 0.2
Gp5_DQ631914 6225 6250 0.08
Gp5_DQ631914 6250 6275 0.28
Gp5_DQ631914 6275 6300 0.28
Gp5_DQ631914 6300 6325 0.24
Gp5_DQ631914 6325 6350 0.28
Gp5_DQ631914 6350 6375 0.2
Gp5_DQ631914 6375 6400 0.2
Gp5_DQ631914 6400 6425 0.2
Gp5_DQ631914 6425 6450 0.36
Gp5_DQ631914 6450 6475 0.6
Gp5_DQ631914 6475 6500 0.52
Gp5_DQ631914 6500 6525 0.32
Gp5_DQ631914 6525 6550 0.24
Gp5_DQ631914 6550 6575 0.28
Gp5_DQ631914 6575 6600 0.4
Gp5_DQ631914 6600 6625 0.24
Gp5_DQ631914 6625 6650 0.48
Gp5_DQ631914 6650 6675 0.4
Gp5_DQ631914 6675 6700 0.36
Gp5_DQ631914 6700 6725 0.08
Gp5_DQ631914 6725 6750 0.24
Gp5_DQ631914 6750 6775 0.36
Gp5_DQ631914 6775 6800 0.08
Gp5_DQ631914 6800 6825 0.32
Gp5_DQ631914 6825 6850 0.32
Gp5_DQ631914 6850 6875 0.24
Gp5_DQ631914 6875 6900 0.2
Gp5_DQ631914 6900 6925 0.12
Gp5_DQ631914 6925 6950 0.16
Gp5_DQ631914 6950 6975 0.44
Gp5_DQ631914 6975 7000 0.32
Gp5_DQ631914 7000 7025 0.36
Gp5_DQ631914 7025 7050 0.2
Gp5_DQ631914 7050 7075 0.4
Gp5_DQ631914 7075 7100 0.04
Gp5_DQ631914 7100 7125 0.44
Gp5_DQ631914 7125 7150 0.32
Gp5_DQ631914 7150 7175 0.24
Gp5_DQ631914 7175 7200 0.32
Gp5_DQ631914 7200 7225 0.16
Gp5_DQ631914 7225 7250 0.28
Gp5_DQ631914 7250 7275 0.4
Gp5_DQ631914 7275 7300 0.36
Gp5_DQ631914 7300 7325 0.28
Gp5_DQ631914 7325 7350 0.52
Gp5_DQ631914 7350 7375 0.32
Gp5_DQ631914 7375 7400 0.04
Gp5_DQ631914 7400 7425 0.4
Gp5_DQ631914 7425 7450 0.36
Gp5_DQ631914 7450 7472 0.273
