Gp1_AJ249395 0 250 0.276
Gp1_AJ249395 250 500 0.416
Gp1_AJ249395 500 750 0.292
Gp1_AJ249395 750 1000 0.236
Gp1_AJ249395 1000 1250 0.224
Gp1_AJ249395 1250 1500 0.348
Gp1_AJ249395 1500 1750 0.368
Gp1_AJ249395 1750 2000 0.224
Gp1_AJ249395 2000 2250 0.324
Gp1_AJ249395 2250 2500 0.358
Gp1_AJ249395 2500 2750 0.38
Gp1_AJ249395 2750 3000 0.286
Gp1_AJ249395 3000 3250 0.236
Gp1_AJ249395 3250 3500 0.36
Gp1_AJ249395 3500 3750 0.256
Gp1_AJ249395 3750 4000 0.308
Gp1_AJ249395 4000 4250 0.28
Gp1_AJ249395 4250 4500 0.284
Gp1_AJ249395 4500 4750 0.248
Gp1_AJ249395 4750 5000 0.312
Gp1_AJ249395 5000 5250 0.34
Gp1_AJ249395 5250 5500 0.262
Gp1_AJ249395 5500 5750 0.35
Gp1_AJ249395 5750 6000 0.328
Gp1_AJ249395 6000 6250 0.344
Gp1_AJ249395 6250 6500 0.562
Gp1_AJ249395 6500 6750 0.384
Gp1_AJ249395 6750 7000 0.344
Gp1_AJ249395 7000 7250 0.312
Gp1_AJ249395 7250 7500 0.396
Gp1_AJ249395 7500 7750 0.408
Gp1_AJ249395 7750 8000 0.346
Gp1_AJ249395 8000 8250 0.364
Gp1_AJ249395 8250 8500 0.368
Gp1_AJ249395 8500 8750 0.464
Gp1_AJ249395 8750 9000 0.482
Gp1_AJ249395 9000 9250 0.424
Gp1_AJ249395 9250 9428 0.329
Gp2_DQ631911 0 250 0.28
Gp2_DQ631911 250 500 0.416
Gp2_DQ631911 500 750 0.292
Gp2_DQ631911 750 1000 0.244
Gp2_DQ631911 1000 1250 0.228
Gp2_DQ631911 1250 1500 0.34
Gp2_DQ631911 1500 1750 0.356
Gp2_DQ631911 1750 2000 0.22
Gp2_DQ631911 2000 2250 0.316
Gp2_DQ631911 2250 2500 0.356
Gp2_DQ631911 2500 2750 0.388
Gp2_DQ631911 2750 3000 0.268
Gp2_DQ631911 3000 3250 0.24
Gp2_DQ631911 3250 3500 0.38
Gp2_DQ631911 3500 3750 0.256
Gp2_DQ631911 3750 4000 0.256
Gp2_DQ631911 4000 4250 0.356
Gp2_DQ631911 4250 4500 0.196
Gp2_DQ631911 4500 4750 0.448
Gp2_DQ631911 4750 5000 0.236
Gp2_DQ631911 5000 5250 0.372
Gp2_DQ631911 5250 5500 0.4
Gp2_DQ631911 5500 5750 0.4
Gp2_DQ631911 5750 6000 0.432
Gp2_DQ631911 6000 6250 0.308
Gp2_DQ631911 6250 6500 0.428
Gp2_DQ631911 6500 6750 0.42
Gp2_DQ631911 6750 7000 0.528
Gp2_DQ631911 7000 7250 0.428
Gp2_DQ631911 7250 7500 0.332
Gp2_DQ631911 7500 7511 0.455
Gp3_DQ631912 0 250 0.292
Gp3_DQ631912 250 500 0.24
Gp3_DQ631912 500 750 0.292
Gp3_DQ631912 750 1000 0.332
Gp3_DQ631912 1000 1250 0.296
Gp3_DQ631912 1250 1500 0.364
Gp3_DQ631912 1500 1750 0.248
Gp3_DQ631912 1750 2000 0.388
Gp3_DQ631912 2000 2250 0.312
Gp3_DQ631912 2250 2500 0.372
Gp3_DQ631912 2500 2750 0.508
Gp3_DQ631912 2750 3000 0.408
Gp3_DQ631912 3000 3250 0.316
Gp3_DQ631912 3250 3500 0.348
Gp3_DQ631912 3500 3750 0.368
Gp3_DQ631912 3750 4000 0.44
Gp3_DQ631912 4000 4250 0.336
Gp3_DQ631912 4250 4500 0.364
Gp3_DQ631912 4500 4750 0.38
Gp3_DQ631912 4750 5000 0.464
Gp3_DQ631912 5000 5250 0.476
Gp3_DQ631912 5250 5500 0.424
Gp3_DQ631912 5500 5750 0.292
Gp3_DQ631912 5750 6000 0.368
Gp3_DQ631912 6000 6250 0.336
Gp3_DQ631912 6250 6400 0.367
Gp4_DQ631913 0 250 0.408
Gp4_DQ631913 250 500 0.248
Gp4_DQ631913 500 750 0.208
Gp4_DQ631913 750 1000 0.212
Gp4_DQ631913 1000 1250 0.224
Gp4_DQ631913 1250 1500 0.228
Gp4_DQ631913 1500 1750 0.244
Gp4_DQ631913 1750 2000 0.316
Gp4_DQ631913 2000 2250 0.248
Gp4_DQ631913 2250 2500 0.172
Gp4_DQ631913 2500 2750 0.268
Gp4_DQ631913 2750 3000 0.236
Gp4_DQ631913 3000 3250 0.272
Gp4_DQ631913 3250 3500 0.284
Gp4_DQ631913 3500 3750 0.4
Gp4_DQ631913 3750 4000 0.252
Gp4_DQ631913 4000 4250 0.404
Gp4_DQ631913 4250 4500 0.4
Gp4_DQ631913 4500 4750 0.408
Gp4_DQ631913 4750 5000 0.368
Gp4_DQ631913 5000 5250 0.356
Gp4_DQ631913 5250 5500 0.384
Gp4_DQ631913 5500 5750 0.384
Gp4_DQ631913 5750 6000 0.448
Gp4_DQ631913 6000 6250 0.42
Gp4_DQ631913 6250 6500 0.292
Gp4_DQ631913 6500 6750 0.248
Gp4_DQ631913 6750 7000 0.296
Gp4_DQ631913 7000 7250 0.328
Gp4_DQ631913 7250 7500 0.288
Gp4_DQ631913 7500 7560 0.417
Gp5_DQ631914 0 250 0.396
Gp5_DQ631914 250 500 0.424
Gp5_DQ631914 500 750 0.372
Gp5_DQ631914 750 1000 0.396
Gp5_DQ631914 1000 1250 0.34
Gp5_DQ631914 1250 1500 0.372
Gp5_DQ631914 1500 1750 0.348
Gp5_DQ631914 1750 2000 0.544
Gp5_DQ631914 2000 2250 0.548
Gp5_DQ631914 2250 2500 0.48
Gp5_DQ631914 2500 2750 0.452
Gp5_DQ631914 2750 3000 0.224
Gp5_DQ631914 3000 3250 0.332
Gp5_DQ631914 3250 3500 0.284
Gp5_DQ631914 3500 3750 0.4
Gp5_DQ631914 3750 4000 0.44
Gp5_DQ631914 4000 4250 0.46
Gp5_DQ631914 4250 4500 0.368
Gp5_DQ631914 4500 4750 0.468
Gp5_DQ631914 4750 5000 0.272
Gp5_DQ631914 5000 5250 0.416
Gp5_DQ631914 5250 5500 0.336
Gp5_DQ631914 5500 5750 0.452
Gp5_DQ631914 5750 6000 0.436
Gp5_DQ631914 6000 6250 0.364
Gp5_DQ631914 6250 6500 0.316
Gp5_DQ631914 6500 6750 0.304
Gp5_DQ631914 6750 7000 0.256
Gp5_DQ631914 7000 7250 0.276
Gp5_DQ631914 7250 7472 0.329
