Gp1_AJ249395 0 250 2749.11
Gp1_AJ249395 250 500 946.26
Gp1_AJ249395 500 750 1226.24
Gp1_AJ249395 750 1000 2031.09
Gp1_AJ249395 1000 1250 2171.22
Gp1_AJ249395 1250 1500 6348.11
Gp1_AJ249395 1500 1750 1999.75
Gp1_AJ249395 1750 2000 1833.26
Gp1_AJ249395 2000 2250 2770.61
Gp1_AJ249395 2250 2500 755.01
Gp1_AJ249395 2500 2750 1419.92
Gp1_AJ249395 2750 3000 1132.51
Gp1_AJ249395 3000 3250 2410.72
Gp1_AJ249395 3250 3500 1393.07
Gp1_AJ249395 3500 3750 3783.76
Gp1_AJ249395 3750 4000 1130.46
Gp1_AJ249395 4000 4250 1044.27
Gp1_AJ249395 4250 4500 992.18
Gp1_AJ249395 4500 4750 1584.37
Gp1_AJ249395 4750 5000 585.9
Gp1_AJ249395 5000 5250 899.06
Gp1_AJ249395 5250 5500 223.85
Gp1_AJ249395 5500 5750 329.55
Gp1_AJ249395 5750 6000 615.11
Gp1_AJ249395 6000 6250 338.27
Gp1_AJ249395 6250 6500 400.19
Gp1_AJ249395 6500 6750 427.96
Gp1_AJ249395 6750 7000 739.44
Gp1_AJ249395 7000 7250 602.35
Gp1_AJ249395 7250 7500 2136.03
Gp1_AJ249395 7500 7750 1995.34
Gp1_AJ249395 7750 8000 4099.03
Gp1_AJ249395 8000 8250 3943.91
Gp1_AJ249395 8250 8500 4738.36
Gp1_AJ249395 8500 8750 5107.99
Gp1_AJ249395 8750 9000 4329.31
Gp1_AJ249395 9000 9250 5302.29
Gp1_AJ249395 9250 9428 2353.67
Gp2_DQ631911 0 250 1670.99
Gp2_DQ631911 250 500 2054.84
Gp2_DQ631911 500 750 4535.74
Gp2_DQ631911 750 1000 4830.63
Gp2_DQ631911 1000 1250 7671.63
Gp2_DQ631911 1250 1500 2943.71
Gp2_DQ631911 1500 1750 7032.36
Gp2_DQ631911 1750 2000 7204.58
Gp2_DQ631911 2000 2250 5628.13
Gp2_DQ631911 2250 2500 7137.05
Gp2_DQ631911 2500 2750 6309.32
Gp2_DQ631911 2750 3000 7075.75
Gp2_DQ631911 3000 3250 4658.05
Gp2_DQ631911 3250 3500 5308.23
Gp2_DQ631911 3500 3750 6031.89
Gp2_DQ631911 3750 4000 1939.92
Gp2_DQ631911 4000 4250 4054.12
Gp2_DQ631911 4250 4500 4014.62
Gp2_DQ631911 4500 4750 4791.43
Gp2_DQ631911 4750 5000 6464.08
Gp2_DQ631911 5000 5250 2946.62
Gp2_DQ631911 5250 5500 3653.62
Gp2_DQ631911 5500 5750 2185.01
Gp2_DQ631911 5750 6000 7834.52
Gp2_DQ631911 6000 6250 3577.84
Gp2_DQ631911 6250 6500 17730.11
Gp2_DQ631911 6500 6750 7412.07
Gp2_DQ631911 6750 7000 7535.44
Gp2_DQ631911 7000 7250 4331.92
Gp2_DQ631911 7250 7500 7214.01
Gp2_DQ631911 7500 7511 973.07
Gp3_DQ631912 0 250 720.43
Gp3_DQ631912 250 500 1088.99
Gp3_DQ631912 500 750 3073.16
Gp3_DQ631912 750 1000 915.25
Gp3_DQ631912 1000 1250 593.4
Gp3_DQ631912 1250 1500 897.98
Gp3_DQ631912 1500 1750 1160.1
Gp3_DQ631912 1750 2000 782.34
Gp3_DQ631912 2000 2250 1024.25
Gp3_DQ631912 2250 2500 500.8
Gp3_DQ631912 2500 2750 389.09
Gp3_DQ631912 2750 3000 430.22
Gp3_DQ631912 3000 3250 824.15
Gp3_DQ631912 3250 3500 433.54
Gp3_DQ631912 3500 3750 637.11
Gp3_DQ631912 3750 4000 385.6
Gp3_DQ631912 4000 4250 2541.17
Gp3_DQ631912 4250 4500 2117.99
Gp3_DQ631912 4500 4750 766.02
Gp3_DQ631912 4750 5000 4639.65
Gp3_DQ631912 5000 5250 4168.73
Gp3_DQ631912 5250 5500 3082.81
Gp3_DQ631912 5500 5750 4405.4
Gp3_DQ631912 5750 6000 515.39
Gp3_DQ631912 6000 6250 108.02
Gp3_DQ631912 6250 6400 0.0
Gp4_DQ631913 0 250 9905.8
Gp4_DQ631913 250 500 13216.06
Gp4_DQ631913 500 750 14172.65
Gp4_DQ631913 750 1000 14349.08
Gp4_DQ631913 1000 1250 8925.06
Gp4_DQ631913 1250 1500 5541.84
Gp4_DQ631913 1500 1750 19958.88
Gp4_DQ631913 1750 2000 12748.3
Gp4_DQ631913 2000 2250 14356.35
Gp4_DQ631913 2250 2500 14829.31
Gp4_DQ631913 2500 2750 14614.64
Gp4_DQ631913 2750 3000 14841.67
Gp4_DQ631913 3000 3250 13840.85
Gp4_DQ631913 3250 3500 6552.0
Gp4_DQ631913 3500 3750 10292.77
Gp4_DQ631913 3750 4000 15822.11
Gp4_DQ631913 4000 4250 10600.63
Gp4_DQ631913 4250 4500 9209.69
Gp4_DQ631913 4500 4750 6753.98
Gp4_DQ631913 4750 5000 18214.52
Gp4_DQ631913 5000 5250 5258.51
Gp4_DQ631913 5250 5500 20233.13
Gp4_DQ631913 5500 5750 17665.82
Gp4_DQ631913 5750 6000 19061.79
Gp4_DQ631913 6000 6250 17557.55
Gp4_DQ631913 6250 6500 13459.84
Gp4_DQ631913 6500 6750 15003.87
Gp4_DQ631913 6750 7000 13751.29
Gp4_DQ631913 7000 7250 11793.57
Gp4_DQ631913 7250 7500 7397.72
Gp4_DQ631913 7500 7560 3282.54
Gp5_DQ631914 0 250 1982.23
Gp5_DQ631914 250 500 2419.92
Gp5_DQ631914 500 750 3082.42
Gp5_DQ631914 750 1000 2948.28
Gp5_DQ631914 1000 1250 2473.12
Gp5_DQ631914 1250 1500 2307.13
Gp5_DQ631914 1500 1750 2340.78
Gp5_DQ631914 1750 2000 2040.77
Gp5_DQ631914 2000 2250 2585.49
Gp5_DQ631914 2250 2500 806.83
Gp5_DQ631914 2500 2750 2203.87
Gp5_DQ631914 2750 3000 3516.21
Gp5_DQ631914 3000 3250 2377.33
Gp5_DQ631914 3250 3500 2220.36
Gp5_DQ631914 3500 3750 0.0
Gp5_DQ631914 3750 4000 0.0
Gp5_DQ631914 4000 4250 1336.34
Gp5_DQ631914 4250 4500 2880.48
Gp5_DQ631914 4500 4750 4550.82
Gp5_DQ631914 4750 5000 11747.31
Gp5_DQ631914 5000 5250 17406.59
Gp5_DQ631914 5250 5500 7144.58
Gp5_DQ631914 5500 5750 7477.34
Gp5_DQ631914 5750 6000 11565.19
Gp5_DQ631914 6000 6250 16396.21
Gp5_DQ631914 6250 6500 1176.37
Gp5_DQ631914 6500 6750 3235.1
Gp5_DQ631914 6750 7000 2737.55
Gp5_DQ631914 7000 7250 3218.11
Gp5_DQ631914 7250 7472 2846.58
