Gp1_AJ249395 0 250 2004.09
Gp1_AJ249395 250 500 18.19
Gp1_AJ249395 500 750 1161.55
Gp1_AJ249395 750 1000 730.08
Gp1_AJ249395 1000 1250 3490.16
Gp1_AJ249395 1250 1500 2466.27
Gp1_AJ249395 1500 1750 1042.83
Gp1_AJ249395 1750 2000 1184.46
Gp1_AJ249395 2000 2250 15.57
Gp1_AJ249395 2250 2500 0.7
Gp1_AJ249395 2500 2750 666.1
Gp1_AJ249395 2750 3000 1003.92
Gp1_AJ249395 3000 3250 3289.86
Gp1_AJ249395 3250 3500 400.8
Gp1_AJ249395 3500 3750 801.53
Gp1_AJ249395 3750 4000 3182.46
Gp1_AJ249395 4000 4250 1254.28
Gp1_AJ249395 4250 4500 309.82
Gp1_AJ249395 4500 4750 2943.16
Gp1_AJ249395 4750 5000 3423.13
Gp1_AJ249395 5000 5250 5580.49
Gp1_AJ249395 5250 5500 1665.62
Gp1_AJ249395 5500 5750 3696.03
Gp1_AJ249395 5750 6000 135.41
Gp1_AJ249395 6000 6250 0.51
Gp1_AJ249395 6250 6500 0.0
Gp1_AJ249395 6500 6750 35.5
Gp1_AJ249395 6750 7000 2388.8
Gp1_AJ249395 7000 7250 1861.37
Gp1_AJ249395 7250 7500 26455.88
Gp1_AJ249395 7500 7750 573.86
Gp1_AJ249395 7750 8000 8223.62
Gp1_AJ249395 8000 8250 25579.9
Gp1_AJ249395 8250 8500 25906.57
Gp1_AJ249395 8500 8750 7932.78
Gp1_AJ249395 8750 9000 9898.94
Gp1_AJ249395 9000 9250 19799.45
Gp1_AJ249395 9250 9428 4600.99
Gp2_DQ631911 0 250 2492.76
Gp2_DQ631911 250 500 304.92
Gp2_DQ631911 500 750 2544.45
Gp2_DQ631911 750 1000 2433.93
Gp2_DQ631911 1000 1250 4794.38
Gp2_DQ631911 1250 1500 50.24
Gp2_DQ631911 1500 1750 50.1
Gp2_DQ631911 1750 2000 1224.11
Gp2_DQ631911 2000 2250 62.12
Gp2_DQ631911 2250 2500 89.9
Gp2_DQ631911 2500 2750 520.42
Gp2_DQ631911 2750 3000 2018.76
Gp2_DQ631911 3000 3250 336.21
Gp2_DQ631911 3250 3500 74.18
Gp2_DQ631911 3500 3750 3871.62
Gp2_DQ631911 3750 4000 131.98
Gp2_DQ631911 4000 4250 546.35
Gp2_DQ631911 4250 4500 959.82
Gp2_DQ631911 4500 4750 1875.66
Gp2_DQ631911 4750 5000 3490.8
Gp2_DQ631911 5000 5250 9.03
Gp2_DQ631911 5250 5500 366.14
Gp2_DQ631911 5500 5750 388.41
Gp2_DQ631911 5750 6000 20220.75
Gp2_DQ631911 6000 6250 14983.54
Gp2_DQ631911 6250 6500 1953.84
Gp2_DQ631911 6500 6750 10394.13
Gp2_DQ631911 6750 7000 7796.85
Gp2_DQ631911 7000 7250 1926.1
Gp2_DQ631911 7250 7500 3028.7
Gp2_DQ631911 7500 7511 3.73
Gp3_DQ631912 0 250 1279.52
Gp3_DQ631912 250 500 151.28
Gp3_DQ631912 500 750 5722.24
Gp3_DQ631912 750 1000 3642.42
Gp3_DQ631912 1000 1250 4008.2
Gp3_DQ631912 1250 1500 8024.04
Gp3_DQ631912 1500 1750 8964.93
Gp3_DQ631912 1750 2000 5657.46
Gp3_DQ631912 2000 2250 64.03
Gp3_DQ631912 2250 2500 0.16
Gp3_DQ631912 2500 2750 3.74
Gp3_DQ631912 2750 3000 33.14
Gp3_DQ631912 3000 3250 2464.16
Gp3_DQ631912 3250 3500 8613.98
Gp3_DQ631912 3500 3750 5083.33
Gp3_DQ631912 3750 4000 16.16
Gp3_DQ631912 4000 4250 13320.65
Gp3_DQ631912 4250 4500 3287.68
Gp3_DQ631912 4500 4750 3206.09
Gp3_DQ631912 4750 5000 4462.11
Gp3_DQ631912 5000 5250 39109.44
Gp3_DQ631912 5250 5500 20196.82
Gp3_DQ631912 5500 5750 5344.0
Gp3_DQ631912 5750 6000 15.74
Gp3_DQ631912 6000 6250 0.69
Gp3_DQ631912 6250 6400 0.23
Gp4_DQ631913 0 250 2567.62
Gp4_DQ631913 250 500 8483.1
Gp4_DQ631913 500 750 15817.36
Gp4_DQ631913 750 1000 15702.01
Gp4_DQ631913 1000 1250 9809.76
Gp4_DQ631913 1250 1500 4047.88
Gp4_DQ631913 1500 1750 11926.9
Gp4_DQ631913 1750 2000 10873.8
Gp4_DQ631913 2000 2250 15203.65
Gp4_DQ631913 2250 2500 14225.76
Gp4_DQ631913 2500 2750 15852.4
Gp4_DQ631913 2750 3000 16424.03
Gp4_DQ631913 3000 3250 13350.15
Gp4_DQ631913 3250 3500 5789.44
Gp4_DQ631913 3500 3750 221.86
Gp4_DQ631913 3750 4000 965.2
Gp4_DQ631913 4000 4250 97.87
Gp4_DQ631913 4250 4500 286.94
Gp4_DQ631913 4500 4750 4255.54
Gp4_DQ631913 4750 5000 3871.71
Gp4_DQ631913 5000 5250 3696.12
Gp4_DQ631913 5250 5500 8926.56
Gp4_DQ631913 5500 5750 3606.53
Gp4_DQ631913 5750 6000 14745.46
Gp4_DQ631913 6000 6250 7012.23
Gp4_DQ631913 6250 6500 17668.79
Gp4_DQ631913 6500 6750 97.52
Gp4_DQ631913 6750 7000 90.14
Gp4_DQ631913 7000 7250 76.7
Gp4_DQ631913 7250 7500 49.19
Gp4_DQ631913 7500 7560 25.3
Gp5_DQ631914 0 250 2811.3
Gp5_DQ631914 250 500 269.18
Gp5_DQ631914 500 750 347.65
Gp5_DQ631914 750 1000 5650.84
Gp5_DQ631914 1000 1250 11306.89
Gp5_DQ631914 1250 1500 77.3
Gp5_DQ631914 1500 1750 96.37
Gp5_DQ631914 1750 2000 165.95
Gp5_DQ631914 2000 2250 51.6
Gp5_DQ631914 2250 2500 14.28
Gp5_DQ631914 2500 2750 34.5
Gp5_DQ631914 2750 3000 1071.49
Gp5_DQ631914 3000 3250 258.41
Gp5_DQ631914 3250 3500 31.72
Gp5_DQ631914 3500 3750 0.0
Gp5_DQ631914 3750 4000 0.0
Gp5_DQ631914 4000 4250 296.96
Gp5_DQ631914 4250 4500 28.22
Gp5_DQ631914 4500 4750 6971.34
Gp5_DQ631914 4750 5000 14995.14
Gp5_DQ631914 5000 5250 59257.0
Gp5_DQ631914 5250 5500 3608.2
Gp5_DQ631914 5500 5750 10414.94
Gp5_DQ631914 5750 6000 10973.89
Gp5_DQ631914 6000 6250 16806.82
Gp5_DQ631914 6250 6500 507.01
Gp5_DQ631914 6500 6750 30.9
Gp5_DQ631914 6750 7000 30.01
Gp5_DQ631914 7000 7250 1900.14
Gp5_DQ631914 7250 7472 1016.93
