Gp1_AJ249395 0 250 2537.46
Gp1_AJ249395 250 500 16.18
Gp1_AJ249395 500 750 68.75
Gp1_AJ249395 750 1000 1339.55
Gp1_AJ249395 1000 1250 1460.26
Gp1_AJ249395 1250 1500 5621.7
Gp1_AJ249395 1500 1750 1073.23
Gp1_AJ249395 1750 2000 1457.28
Gp1_AJ249395 2000 2250 2363.06
Gp1_AJ249395 2250 2500 61.47
Gp1_AJ249395 2500 2750 573.97
Gp1_AJ249395 2750 3000 18.39
Gp1_AJ249395 3000 3250 2006.4
Gp1_AJ249395 3250 3500 677.99
Gp1_AJ249395 3500 3750 3330.26
Gp1_AJ249395 3750 4000 207.77
Gp1_AJ249395 4000 4250 302.59
Gp1_AJ249395 4250 4500 9.7
Gp1_AJ249395 4500 4750 1592.12
Gp1_AJ249395 4750 5000 173.57
Gp1_AJ249395 5000 5250 799.76
Gp1_AJ249395 5250 5500 10.58
Gp1_AJ249395 5500 5750 13.73
Gp1_AJ249395 5750 6000 728.99
Gp1_AJ249395 6000 6250 0.0
Gp1_AJ249395 6250 6500 0.0
Gp1_AJ249395 6500 6750 0.2
Gp1_AJ249395 6750 7000 0.0
Gp1_AJ249395 7000 7250 1.75
Gp1_AJ249395 7250 7500 33.86
Gp1_AJ249395 7500 7750 11.99
Gp1_AJ249395 7750 8000 1188.59
Gp1_AJ249395 8000 8250 2122.07
Gp1_AJ249395 8250 8500 993.91
Gp1_AJ249395 8500 8750 5772.82
Gp1_AJ249395 8750 9000 2989.82
Gp1_AJ249395 9000 9250 4065.63
Gp1_AJ249395 9250 9428 987.36
Gp2_DQ631911 0 250 2077.7
Gp2_DQ631911 250 500 2500.6
Gp2_DQ631911 500 750 4449.22
Gp2_DQ631911 750 1000 5910.92
Gp2_DQ631911 1000 1250 8061.92
Gp2_DQ631911 1250 1500 3045.58
Gp2_DQ631911 1500 1750 8607.74
Gp2_DQ631911 1750 2000 8428.32
Gp2_DQ631911 2000 2250 6978.71
Gp2_DQ631911 2250 2500 8680.89
Gp2_DQ631911 2500 2750 8092.98
Gp2_DQ631911 2750 3000 8660.46
Gp2_DQ631911 3000 3250 5336.1
Gp2_DQ631911 3250 3500 6572.59
Gp2_DQ631911 3500 3750 6807.26
Gp2_DQ631911 3750 4000 2251.9
Gp2_DQ631911 4000 4250 5074.76
Gp2_DQ631911 4250 4500 4510.52
Gp2_DQ631911 4500 4750 4034.49
Gp2_DQ631911 4750 5000 5350.29
Gp2_DQ631911 5000 5250 1994.1
Gp2_DQ631911 5250 5500 3461.63
Gp2_DQ631911 5500 5750 2455.21
Gp2_DQ631911 5750 6000 7612.57
Gp2_DQ631911 6000 6250 3853.12
Gp2_DQ631911 6250 6500 28836.03
Gp2_DQ631911 6500 6750 12380.99
Gp2_DQ631911 6750 7000 11930.98
Gp2_DQ631911 7000 7250 6594.14
Gp2_DQ631911 7250 7500 7513.1
Gp2_DQ631911 7500 7511 1238.04
Gp3_DQ631912 0 250 1443.33
Gp3_DQ631912 250 500 2157.07
Gp3_DQ631912 500 750 6120.82
Gp3_DQ631912 750 1000 1550.77
Gp3_DQ631912 1000 1250 196.88
Gp3_DQ631912 1250 1500 741.86
Gp3_DQ631912 1500 1750 780.93
Gp3_DQ631912 1750 2000 209.27
Gp3_DQ631912 2000 2250 515.13
Gp3_DQ631912 2250 2500 0.0
Gp3_DQ631912 2500 2750 0.0
Gp3_DQ631912 2750 3000 0.0
Gp3_DQ631912 3000 3250 0.01
Gp3_DQ631912 3250 3500 17.25
Gp3_DQ631912 3500 3750 344.42
Gp3_DQ631912 3750 4000 591.43
Gp3_DQ631912 4000 4250 2667.67
Gp3_DQ631912 4250 4500 2048.19
Gp3_DQ631912 4500 4750 1036.54
Gp3_DQ631912 4750 5000 5781.19
Gp3_DQ631912 5000 5250 4954.37
Gp3_DQ631912 5250 5500 3936.96
Gp3_DQ631912 5500 5750 6656.57
Gp3_DQ631912 5750 6000 1172.57
Gp3_DQ631912 6000 6250 68.55
Gp3_DQ631912 6250 6400 0.0
Gp4_DQ631913 0 250 7962.82
Gp4_DQ631913 250 500 11748.14
Gp4_DQ631913 500 750 12886.68
Gp4_DQ631913 750 1000 12819.18
Gp4_DQ631913 1000 1250 7699.06
Gp4_DQ631913 1250 1500 4736.02
Gp4_DQ631913 1500 1750 16964.51
Gp4_DQ631913 1750 2000 10672.6
Gp4_DQ631913 2000 2250 12366.46
Gp4_DQ631913 2250 2500 12860.65
Gp4_DQ631913 2500 2750 12552.88
Gp4_DQ631913 2750 3000 12384.35
Gp4_DQ631913 3000 3250 11382.53
Gp4_DQ631913 3250 3500 5754.46
Gp4_DQ631913 3500 3750 9265.33
Gp4_DQ631913 3750 4000 15161.34
Gp4_DQ631913 4000 4250 10677.44
Gp4_DQ631913 4250 4500 8896.22
Gp4_DQ631913 4500 4750 6813.4
Gp4_DQ631913 4750 5000 17564.19
Gp4_DQ631913 5000 5250 4990.62
Gp4_DQ631913 5250 5500 17063.29
Gp4_DQ631913 5500 5750 16107.39
Gp4_DQ631913 5750 6000 16941.47
Gp4_DQ631913 6000 6250 16225.18
Gp4_DQ631913 6250 6500 10321.08
Gp4_DQ631913 6500 6750 12017.84
Gp4_DQ631913 6750 7000 11857.45
Gp4_DQ631913 7000 7250 10868.75
Gp4_DQ631913 7250 7500 7007.42
Gp4_DQ631913 7500 7560 3159.8
Gp5_DQ631914 0 250 1522.94
Gp5_DQ631914 250 500 1789.48
Gp5_DQ631914 500 750 2406.28
Gp5_DQ631914 750 1000 2206.6
Gp5_DQ631914 1000 1250 2027.57
Gp5_DQ631914 1250 1500 1779.97
Gp5_DQ631914 1500 1750 1620.6
Gp5_DQ631914 1750 2000 1268.89
Gp5_DQ631914 2000 2250 1566.9
Gp5_DQ631914 2250 2500 565.35
Gp5_DQ631914 2500 2750 1743.34
Gp5_DQ631914 2750 3000 2686.13
Gp5_DQ631914 3000 3250 1861.55
Gp5_DQ631914 3250 3500 1808.06
Gp5_DQ631914 3500 3750 0.0
Gp5_DQ631914 3750 4000 0.0
Gp5_DQ631914 4000 4250 943.78
Gp5_DQ631914 4250 4500 1656.47
Gp5_DQ631914 4500 4750 3199.62
Gp5_DQ631914 4750 5000 10092.43
Gp5_DQ631914 5000 5250 13697.95
Gp5_DQ631914 5250 5500 5309.66
Gp5_DQ631914 5500 5750 4944.73
Gp5_DQ631914 5750 6000 8944.98
Gp5_DQ631914 6000 6250 13416.44
Gp5_DQ631914 6250 6500 992.3
Gp5_DQ631914 6500 6750 1624.78
Gp5_DQ631914 6750 7000 1647.55
Gp5_DQ631914 7000 7250 2173.97
Gp5_DQ631914 7250 7472 2307.52
