Gp1_AJ249395 0 250 4999.13
Gp1_AJ249395 250 500 6447.44
Gp1_AJ249395 500 750 8049.43
Gp1_AJ249395 750 1000 6599.54
Gp1_AJ249395 1000 1250 6750.8
Gp1_AJ249395 1250 1500 13430.08
Gp1_AJ249395 1500 1750 8449.8
Gp1_AJ249395 1750 2000 4508.23
Gp1_AJ249395 2000 2250 6499.53
Gp1_AJ249395 2250 2500 4944.31
Gp1_AJ249395 2500 2750 6442.82
Gp1_AJ249395 2750 3000 7197.16
Gp1_AJ249395 3000 3250 5056.19
Gp1_AJ249395 3250 3500 5324.15
Gp1_AJ249395 3500 3750 5798.54
Gp1_AJ249395 3750 4000 6246.08
Gp1_AJ249395 4000 4250 5532.46
Gp1_AJ249395 4250 4500 6861.73
Gp1_AJ249395 4500 4750 5723.12
Gp1_AJ249395 4750 5000 3448.97
Gp1_AJ249395 5000 5250 3281.43
Gp1_AJ249395 5250 5500 1484.53
Gp1_AJ249395 5500 5750 2208.8
Gp1_AJ249395 5750 6000 1613.73
Gp1_AJ249395 6000 6250 2288.85
Gp1_AJ249395 6250 6500 2980.63
Gp1_AJ249395 6500 6750 3301.88
Gp1_AJ249395 6750 7000 6411.6
Gp1_AJ249395 7000 7250 4677.96
Gp1_AJ249395 7250 7500 18701.64
Gp1_AJ249395 7500 7750 16124.38
Gp1_AJ249395 7750 8000 20565.32
Gp1_AJ249395 8000 8250 16788.98
Gp1_AJ249395 8250 8500 32018.58
Gp1_AJ249395 8500 8750 15806.82
Gp1_AJ249395 8750 9000 22737.43
Gp1_AJ249395 9000 9250 27487.92
Gp1_AJ249395 9250 9428 12268.87
Gp2_DQ631911 0 250 29.06
Gp2_DQ631911 250 500 31.77
Gp2_DQ631911 500 750 6127.7
Gp2_DQ631911 750 1000 207.83
Gp2_DQ631911 1000 1250 7620.5
Gp2_DQ631911 1250 1500 4147.85
Gp2_DQ631911 1500 1750 859.24
Gp2_DQ631911 1750 2000 2846.0
Gp2_DQ631911 2000 2250 376.7
Gp2_DQ631911 2250 2500 1613.32
Gp2_DQ631911 2500 2750 59.28
Gp2_DQ631911 2750 3000 73.45
Gp2_DQ631911 3000 3250 1539.34
Gp2_DQ631911 3250 3500 291.96
Gp2_DQ631911 3500 3750 661.61
Gp2_DQ631911 3750 4000 375.57
Gp2_DQ631911 4000 4250 935.4
Gp2_DQ631911 4250 4500 1771.1
Gp2_DQ631911 4500 4750 3800.27
Gp2_DQ631911 4750 5000 5411.21
Gp2_DQ631911 5000 5250 2579.48
Gp2_DQ631911 5250 5500 1570.78
Gp2_DQ631911 5500 5750 429.84
Gp2_DQ631911 5750 6000 9516.94
Gp2_DQ631911 6000 6250 2894.34
Gp2_DQ631911 6250 6500 12479.69
Gp2_DQ631911 6500 6750 4340.2
Gp2_DQ631911 6750 7000 6217.02
Gp2_DQ631911 7000 7250 1397.51
Gp2_DQ631911 7250 7500 10603.74
Gp2_DQ631911 7500 7511 14.73
Gp3_DQ631912 0 250 21.86
Gp3_DQ631912 250 500 154.74
Gp3_DQ631912 500 750 149.78
Gp3_DQ631912 750 1000 987.89
Gp3_DQ631912 1000 1250 3375.76
Gp3_DQ631912 1250 1500 3496.69
Gp3_DQ631912 1500 1750 5266.84
Gp3_DQ631912 1750 2000 4616.65
Gp3_DQ631912 2000 2250 5153.93
Gp3_DQ631912 2250 2500 3730.94
Gp3_DQ631912 2500 2750 2953.64
Gp3_DQ631912 2750 3000 3267.59
Gp3_DQ631912 3000 3250 7432.79
Gp3_DQ631912 3250 3500 3120.42
Gp3_DQ631912 3500 3750 5376.83
Gp3_DQ631912 3750 4000 808.45
Gp3_DQ631912 4000 4250 8769.27
Gp3_DQ631912 4250 4500 3480.38
Gp3_DQ631912 4500 4750 1117.38
Gp3_DQ631912 4750 5000 12304.64
Gp3_DQ631912 5000 5250 11556.14
Gp3_DQ631912 5250 5500 7735.92
Gp3_DQ631912 5500 5750 9360.11
Gp3_DQ631912 5750 6000 50.09
Gp3_DQ631912 6000 6250 59.23
Gp3_DQ631912 6250 6400 0.0
Gp4_DQ631913 0 250 11514.29
Gp4_DQ631913 250 500 16273.04
Gp4_DQ631913 500 750 17396.48
Gp4_DQ631913 750 1000 17539.22
Gp4_DQ631913 1000 1250 10975.77
Gp4_DQ631913 1250 1500 6523.46
Gp4_DQ631913 1500 1750 22997.13
Gp4_DQ631913 1750 2000 13438.79
Gp4_DQ631913 2000 2250 16706.92
Gp4_DQ631913 2250 2500 17525.92
Gp4_DQ631913 2500 2750 16892.54
Gp4_DQ631913 2750 3000 17161.38
Gp4_DQ631913 3000 3250 16109.72
Gp4_DQ631913 3250 3500 6228.01
Gp4_DQ631913 3500 3750 10699.23
Gp4_DQ631913 3750 4000 11887.99
Gp4_DQ631913 4000 4250 750.12
Gp4_DQ631913 4250 4500 626.22
Gp4_DQ631913 4500 4750 6612.52
Gp4_DQ631913 4750 5000 6265.81
Gp4_DQ631913 5000 5250 4737.01
Gp4_DQ631913 5250 5500 15190.21
Gp4_DQ631913 5500 5750 13299.78
Gp4_DQ631913 5750 6000 20683.48
Gp4_DQ631913 6000 6250 13199.4
Gp4_DQ631913 6250 6500 10047.62
Gp4_DQ631913 6500 6750 7843.17
Gp4_DQ631913 6750 7000 9835.96
Gp4_DQ631913 7000 7250 4255.45
Gp4_DQ631913 7250 7500 1040.56
Gp4_DQ631913 7500 7560 37.97
Gp5_DQ631914 0 250 695.66
Gp5_DQ631914 250 500 884.3
Gp5_DQ631914 500 750 863.2
Gp5_DQ631914 750 1000 2567.33
Gp5_DQ631914 1000 1250 113.84
Gp5_DQ631914 1250 1500 16.47
Gp5_DQ631914 1500 1750 18.07
Gp5_DQ631914 1750 2000 13.8
Gp5_DQ631914 2000 2250 19.67
Gp5_DQ631914 2250 2500 5.28
Gp5_DQ631914 2500 2750 15.18
Gp5_DQ631914 2750 3000 1095.48
Gp5_DQ631914 3000 3250 32.47
Gp5_DQ631914 3250 3500 17.92
Gp5_DQ631914 3500 3750 0.0
Gp5_DQ631914 3750 4000 0.0
Gp5_DQ631914 4000 4250 922.98
Gp5_DQ631914 4250 4500 2045.84
Gp5_DQ631914 4500 4750 3110.68
Gp5_DQ631914 4750 5000 15941.83
Gp5_DQ631914 5000 5250 23236.95
Gp5_DQ631914 5250 5500 10212.64
Gp5_DQ631914 5500 5750 7731.22
Gp5_DQ631914 5750 6000 13342.68
Gp5_DQ631914 6000 6250 17381.75
Gp5_DQ631914 6250 6500 130.95
Gp5_DQ631914 6500 6750 8528.69
Gp5_DQ631914 6750 7000 1389.88
Gp5_DQ631914 7000 7250 1869.29
Gp5_DQ631914 7250 7472 25.95
