Gp1_AJ249395 0 250 3893.38
Gp1_AJ249395 250 500 1340.12
Gp1_AJ249395 500 750 1736.64
Gp1_AJ249395 750 1000 2876.49
Gp1_AJ249395 1000 1250 3074.95
Gp1_AJ249395 1250 1500 8990.38
Gp1_AJ249395 1500 1750 2832.1
Gp1_AJ249395 1750 2000 2596.32
Gp1_AJ249395 2000 2250 3923.82
Gp1_AJ249395 2250 2500 1069.27
Gp1_AJ249395 2500 2750 2010.94
Gp1_AJ249395 2750 3000 1603.89
Gp1_AJ249395 3000 3250 3414.13
Gp1_AJ249395 3250 3500 1972.9
Gp1_AJ249395 3500 3750 5358.67
Gp1_AJ249395 3750 4000 1601.0
Gp1_AJ249395 4000 4250 1478.93
Gp1_AJ249395 4250 4500 1405.16
Gp1_AJ249395 4500 4750 2243.83
Gp1_AJ249395 4750 5000 829.77
Gp1_AJ249395 5000 5250 1273.27
Gp1_AJ249395 5250 5500 317.02
Gp1_AJ249395 5500 5750 466.72
Gp1_AJ249395 5750 6000 871.14
Gp1_AJ249395 6000 6250 479.07
Gp1_AJ249395 6250 6500 566.77
Gp1_AJ249395 6500 6750 606.09
Gp1_AJ249395 6750 7000 1047.21
Gp1_AJ249395 7000 7250 853.06
Gp1_AJ249395 7250 7500 3025.1
Gp1_AJ249395 7500 7750 2825.86
Gp1_AJ249395 7750 8000 5805.16
Gp1_AJ249395 8000 8250 5585.49
Gp1_AJ249395 8250 8500 6710.61
Gp1_AJ249395 8500 8750 7234.08
Gp1_AJ249395 8750 9000 6131.3
Gp1_AJ249395 9000 9250 7509.26
Gp1_AJ249395 9250 9428 3333.34
Gp2_DQ631911 0 250 2366.51
Gp2_DQ631911 250 500 2910.12
Gp2_DQ631911 500 750 6423.66
Gp2_DQ631911 750 1000 6841.29
Gp2_DQ631911 1000 1250 10864.79
Gp2_DQ631911 1250 1500 4168.98
Gp2_DQ631911 1500 1750 9959.44
Gp2_DQ631911 1750 2000 10203.34
Gp2_DQ631911 2000 2250 7970.73
Gp2_DQ631911 2250 2500 10107.7
Gp2_DQ631911 2500 2750 8935.45
Gp2_DQ631911 2750 3000 10020.89
Gp2_DQ631911 3000 3250 6596.86
Gp2_DQ631911 3250 3500 7517.67
Gp2_DQ631911 3500 3750 8542.55
Gp2_DQ631911 3750 4000 2747.37
Gp2_DQ631911 4000 4250 5741.57
Gp2_DQ631911 4250 4500 5685.63
Gp2_DQ631911 4500 4750 6785.76
Gp2_DQ631911 4750 5000 9154.62
Gp2_DQ631911 5000 5250 4173.1
Gp2_DQ631911 5250 5500 5174.37
Gp2_DQ631911 5500 5750 3094.48
Gp2_DQ631911 5750 6000 11095.48
Gp2_DQ631911 6000 6250 5067.05
Gp2_DQ631911 6250 6500 25109.92
Gp2_DQ631911 6500 6750 10497.2
Gp2_DQ631911 6750 7000 10671.92
Gp2_DQ631911 7000 7250 6134.99
Gp2_DQ631911 7250 7500 10216.7
Gp2_DQ631911 7500 7511 1378.09
Gp3_DQ631912 0 250 1020.3
Gp3_DQ631912 250 500 1542.26
Gp3_DQ631912 500 750 4352.31
Gp3_DQ631912 750 1000 1296.21
Gp3_DQ631912 1000 1250 840.38
Gp3_DQ631912 1250 1500 1271.75
Gp3_DQ631912 1500 1750 1642.97
Gp3_DQ631912 1750 2000 1107.98
Gp3_DQ631912 2000 2250 1450.58
Gp3_DQ631912 2250 2500 709.25
Gp3_DQ631912 2500 2750 551.04
Gp3_DQ631912 2750 3000 609.3
Gp3_DQ631912 3000 3250 1167.19
Gp3_DQ631912 3250 3500 613.99
Gp3_DQ631912 3500 3750 902.3
Gp3_DQ631912 3750 4000 546.1
Gp3_DQ631912 4000 4250 3598.88
Gp3_DQ631912 4250 4500 2999.56
Gp3_DQ631912 4500 4750 1084.86
Gp3_DQ631912 4750 5000 6570.81
Gp3_DQ631912 5000 5250 5903.88
Gp3_DQ631912 5250 5500 4365.97
Gp3_DQ631912 5500 5750 6239.06
Gp3_DQ631912 5750 6000 729.91
Gp3_DQ631912 6000 6250 152.99
Gp3_DQ631912 6250 6400 0.0
Gp4_DQ631913 0 250 14028.9
Gp4_DQ631913 250 500 18716.98
Gp4_DQ631913 500 750 20071.73
Gp4_DQ631913 750 1000 20321.6
Gp4_DQ631913 1000 1250 12639.94
Gp4_DQ631913 1250 1500 7848.52
Gp4_DQ631913 1500 1750 28266.36
Gp4_DQ631913 1750 2000 18054.52
Gp4_DQ631913 2000 2250 20331.89
Gp4_DQ631913 2250 2500 21001.72
Gp4_DQ631913 2500 2750 20697.7
Gp4_DQ631913 2750 3000 21019.22
Gp4_DQ631913 3000 3250 19601.82
Gp4_DQ631913 3250 3500 9279.14
Gp4_DQ631913 3500 3750 14576.93
Gp4_DQ631913 3750 4000 22407.75
Gp4_DQ631913 4000 4250 15012.92
Gp4_DQ631913 4250 4500 13043.04
Gp4_DQ631913 4500 4750 9565.18
Gp4_DQ631913 4750 5000 25795.95
Gp4_DQ631913 5000 5250 7447.26
Gp4_DQ631913 5250 5500 28654.76
Gp4_DQ631913 5500 5750 25018.86
Gp4_DQ631913 5750 6000 26995.87
Gp4_DQ631913 6000 6250 24865.54
Gp4_DQ631913 6250 6500 19062.23
Gp4_DQ631913 6500 6750 21248.93
Gp4_DQ631913 6750 7000 19474.98
Gp4_DQ631913 7000 7250 16702.4
Gp4_DQ631913 7250 7500 10476.88
Gp4_DQ631913 7500 7560 4648.83
Gp5_DQ631914 0 250 2807.3
Gp5_DQ631914 250 500 3427.17
Gp5_DQ631914 500 750 4365.42
Gp5_DQ631914 750 1000 4175.44
Gp5_DQ631914 1000 1250 3502.5
Gp5_DQ631914 1250 1500 3267.43
Gp5_DQ631914 1500 1750 3315.08
Gp5_DQ631914 1750 2000 2890.2
Gp5_DQ631914 2000 2250 3661.65
Gp5_DQ631914 2250 2500 1142.66
Gp5_DQ631914 2500 2750 3121.18
Gp5_DQ631914 2750 3000 4979.76
Gp5_DQ631914 3000 3250 3366.85
Gp5_DQ631914 3250 3500 3144.54
Gp5_DQ631914 3500 3750 0.0
Gp5_DQ631914 3750 4000 0.0
Gp5_DQ631914 4000 4250 1892.56
Gp5_DQ631914 4250 4500 4079.43
Gp5_DQ631914 4500 4750 6445.0
Gp5_DQ631914 4750 5000 16636.89
Gp5_DQ631914 5000 5250 24651.74
Gp5_DQ631914 5250 5500 10118.36
Gp5_DQ631914 5500 5750 10589.64
Gp5_DQ631914 5750 6000 16378.96
Gp5_DQ631914 6000 6250 23220.8
Gp5_DQ631914 6250 6500 1666.0
Gp5_DQ631914 6500 6750 4581.65
Gp5_DQ631914 6750 7000 3877.0
Gp5_DQ631914 7000 7250 4557.58
Gp5_DQ631914 7250 7472 4031.42
