Gp1_AJ249395 0 250 36.28
Gp1_AJ249395 250 500 74.81
Gp1_AJ249395 500 750 95.0
Gp1_AJ249395 750 1000 103.46
Gp1_AJ249395 1000 1250 96.64
Gp1_AJ249395 1250 1500 101.1
Gp1_AJ249395 1500 1750 94.97
Gp1_AJ249395 1750 2000 94.52
Gp1_AJ249395 2000 2250 94.32
Gp1_AJ249395 2250 2500 101.42
Gp1_AJ249395 2500 2750 105.89
Gp1_AJ249395 2750 3000 99.13
Gp1_AJ249395 3000 3250 98.58
Gp1_AJ249395 3250 3500 103.67
Gp1_AJ249395 3500 3750 99.3
Gp1_AJ249395 3750 4000 103.05
Gp1_AJ249395 4000 4250 102.32
Gp1_AJ249395 4250 4500 92.69
Gp1_AJ249395 4500 4750 87.18
Gp1_AJ249395 4750 5000 97.12
Gp1_AJ249395 5000 5250 91.02
Gp1_AJ249395 5250 5500 90.43
Gp1_AJ249395 5500 5750 98.46
Gp1_AJ249395 5750 6000 104.52
Gp1_AJ249395 6000 6250 99.76
Gp1_AJ249395 6250 6500 98.25
Gp1_AJ249395 6500 6750 90.9
Gp1_AJ249395 6750 7000 89.49
Gp1_AJ249395 7000 7250 101.62
Gp1_AJ249395 7250 7500 96.31
Gp1_AJ249395 7500 7750 96.37
Gp1_AJ249395 7750 8000 100.71
Gp1_AJ249395 8000 8250 96.26
Gp1_AJ249395 8250 8500 89.8
Gp1_AJ249395 8500 8750 85.0
Gp1_AJ249395 8750 9000 99.57
Gp1_AJ249395 9000 9250 64.52
Gp1_AJ249395 9250 9428 36.52
Gp2_DQ631911 0 250 35.9
Gp2_DQ631911 250 500 72.26
Gp2_DQ631911 500 750 93.88
Gp2_DQ631911 750 1000 99.8
Gp2_DQ631911 1000 1250 100.78
Gp2_DQ631911 1250 1500 97.44
Gp2_DQ631911 1500 1750 102.46
Gp2_DQ631911 1750 2000 90.97
Gp2_DQ631911 2000 2250 91.38
Gp2_DQ631911 2250 2500 98.85
Gp2_DQ631911 2500 2750 90.99
Gp2_DQ631911 2750 3000 94.05
Gp2_DQ631911 3000 3250 88.9
Gp2_DQ631911 3250 3500 89.33
Gp2_DQ631911 3500 3750 99.82
Gp2_DQ631911 3750 4000 96.87
Gp2_DQ631911 4000 4250 97.5
Gp2_DQ631911 4250 4500 99.67
Gp2_DQ631911 4500 4750 102.13
Gp2_DQ631911 4750 5000 101.06
Gp2_DQ631911 5000 5250 105.72
Gp2_DQ631911 5250 5500 101.51
Gp2_DQ631911 5500 5750 99.32
Gp2_DQ631911 5750 6000 104.89
Gp2_DQ631911 6000 6250 105.42
Gp2_DQ631911 6250 6500 95.69
Gp2_DQ631911 6500 6750 96.8
Gp2_DQ631911 6750 7000 96.82
Gp2_DQ631911 7000 7250 79.78
Gp2_DQ631911 7250 7500 43.81
Gp2_DQ631911 7500 7511 2.27
Gp3_DQ631912 0 250 35.84
Gp3_DQ631912 250 500 74.23
Gp3_DQ631912 500 750 90.42
Gp3_DQ631912 750 1000 90.02
Gp3_DQ631912 1000 1250 104.63
Gp3_DQ631912 1250 1500 107.8
Gp3_DQ631912 1500 1750 115.68
Gp3_DQ631912 1750 2000 107.24
Gp3_DQ631912 2000 2250 89.77
Gp3_DQ631912 2250 2500 85.48
Gp3_DQ631912 2500 2750 89.17
Gp3_DQ631912 2750 3000 80.95
Gp3_DQ631912 3000 3250 83.28
Gp3_DQ631912 3250 3500 98.71
Gp3_DQ631912 3500 3750 106.23
Gp3_DQ631912 3750 4000 104.39
Gp3_DQ631912 4000 4250 97.14
Gp3_DQ631912 4250 4500 100.79
Gp3_DQ631912 4500 4750 102.78
Gp3_DQ631912 4750 5000 102.78
Gp3_DQ631912 5000 5250 105.0
Gp3_DQ631912 5250 5500 90.54
Gp3_DQ631912 5500 5750 95.4
Gp3_DQ631912 5750 6000 90.95
Gp3_DQ631912 6000 6250 59.18
Gp3_DQ631912 6250 6400 30.31
Gp4_DQ631913 0 250 47.27
Gp4_DQ631913 250 500 91.02
Gp4_DQ631913 500 750 108.98
Gp4_DQ631913 750 1000 102.65
Gp4_DQ631913 1000 1250 93.12
Gp4_DQ631913 1250 1500 93.38
Gp4_DQ631913 1500 1750 96.61
Gp4_DQ631913 1750 2000 96.31
Gp4_DQ631913 2000 2250 98.07
Gp4_DQ631913 2250 2500 91.32
Gp4_DQ631913 2500 2750 84.82
Gp4_DQ631913 2750 3000 97.9
Gp4_DQ631913 3000 3250 106.0
Gp4_DQ631913 3250 3500 103.26
Gp4_DQ631913 3500 3750 95.26
Gp4_DQ631913 3750 4000 93.44
Gp4_DQ631913 4000 4250 85.76
Gp4_DQ631913 4250 4500 86.82
Gp4_DQ631913 4500 4750 97.5
Gp4_DQ631913 4750 5000 97.42
Gp4_DQ631913 5000 5250 100.0
Gp4_DQ631913 5250 5500 99.6
Gp4_DQ631913 5500 5750 97.4
Gp4_DQ631913 5750 6000 93.24
Gp4_DQ631913 6000 6250 90.68
Gp4_DQ631913 6250 6500 98.42
Gp4_DQ631913 6500 6750 93.76
Gp4_DQ631913 6750 7000 97.63
Gp4_DQ631913 7000 7250 83.88
Gp4_DQ631913 7250 7500 45.34
Gp4_DQ631913 7500 7560 14.2
Gp5_DQ631914 0 250 44.14
Gp5_DQ631914 250 500 85.87
Gp5_DQ631914 500 750 108.15
Gp5_DQ631914 750 1000 103.93
Gp5_DQ631914 1000 1250 101.63
Gp5_DQ631914 1250 1500 100.57
Gp5_DQ631914 1500 1750 91.93
Gp5_DQ631914 1750 2000 93.12
Gp5_DQ631914 2000 2250 91.21
Gp5_DQ631914 2250 2500 96.88
Gp5_DQ631914 2500 2750 96.5
Gp5_DQ631914 2750 3000 94.29
Gp5_DQ631914 3000 3250 91.26
Gp5_DQ631914 3250 3500 86.06
Gp5_DQ631914 3500 3750 99.32
Gp5_DQ631914 3750 4000 101.54
Gp5_DQ631914 4000 4250 87.11
Gp5_DQ631914 4250 4500 98.35
Gp5_DQ631914 4500 4750 96.49
Gp5_DQ631914 4750 5000 103.58
Gp5_DQ631914 5000 5250 105.17
Gp5_DQ631914 5250 5500 104.27
Gp5_DQ631914 5500 5750 92.57
Gp5_DQ631914 5750 6000 88.0
Gp5_DQ631914 6000 6250 92.98
Gp5_DQ631914 6250 6500 92.92
Gp5_DQ631914 6500 6750 94.85
Gp5_DQ631914 6750 7000 93.89
Gp5_DQ631914 7000 7250 73.34
Gp5_DQ631914 7250 7472 38.02
