Gp1_AJ249395 0 250 2742.91
Gp1_AJ249395 250 500 17.49
Gp1_AJ249395 500 750 74.32
Gp1_AJ249395 750 1000 1448.01
Gp1_AJ249395 1000 1250 1578.48
Gp1_AJ249395 1250 1500 6076.85
Gp1_AJ249395 1500 1750 1160.13
Gp1_AJ249395 1750 2000 1575.27
Gp1_AJ249395 2000 2250 2554.38
Gp1_AJ249395 2250 2500 66.45
Gp1_AJ249395 2500 2750 620.44
Gp1_AJ249395 2750 3000 19.88
Gp1_AJ249395 3000 3250 2168.85
Gp1_AJ249395 3250 3500 732.88
Gp1_AJ249395 3500 3750 3599.89
Gp1_AJ249395 3750 4000 224.59
Gp1_AJ249395 4000 4250 327.09
Gp1_AJ249395 4250 4500 10.49
Gp1_AJ249395 4500 4750 1721.02
Gp1_AJ249395 4750 5000 187.62
Gp1_AJ249395 5000 5250 864.51
Gp1_AJ249395 5250 5500 11.44
Gp1_AJ249395 5500 5750 14.84
Gp1_AJ249395 5750 6000 788.02
Gp1_AJ249395 6000 6250 0.0
Gp1_AJ249395 6250 6500 0.0
Gp1_AJ249395 6500 6750 0.22
Gp1_AJ249395 6750 7000 0.0
Gp1_AJ249395 7000 7250 1.89
Gp1_AJ249395 7250 7500 36.6
Gp1_AJ249395 7500 7750 12.96
Gp1_AJ249395 7750 8000 1284.82
Gp1_AJ249395 8000 8250 2293.88
Gp1_AJ249395 8250 8500 1074.38
Gp1_AJ249395 8500 8750 6240.22
Gp1_AJ249395 8750 9000 3231.89
Gp1_AJ249395 9000 9250 4394.8
Gp1_AJ249395 9250 9428 1067.3
Gp2_DQ631911 0 250 2245.92
Gp2_DQ631911 250 500 2703.06
Gp2_DQ631911 500 750 4809.44
Gp2_DQ631911 750 1000 6389.5
Gp2_DQ631911 1000 1250 8714.65
Gp2_DQ631911 1250 1500 3292.17
Gp2_DQ631911 1500 1750 9304.66
Gp2_DQ631911 1750 2000 9110.71
Gp2_DQ631911 2000 2250 7543.74
Gp2_DQ631911 2250 2500 9383.73
Gp2_DQ631911 2500 2750 8748.22
Gp2_DQ631911 2750 3000 9361.65
Gp2_DQ631911 3000 3250 5768.13
Gp2_DQ631911 3250 3500 7104.74
Gp2_DQ631911 3500 3750 7358.4
Gp2_DQ631911 3750 4000 2434.22
Gp2_DQ631911 4000 4250 5485.64
Gp2_DQ631911 4250 4500 4875.71
Gp2_DQ631911 4500 4750 4361.14
Gp2_DQ631911 4750 5000 5783.47
Gp2_DQ631911 5000 5250 2155.56
Gp2_DQ631911 5250 5500 3741.9
Gp2_DQ631911 5500 5750 2654.0
Gp2_DQ631911 5750 6000 8228.92
Gp2_DQ631911 6000 6250 4165.08
Gp2_DQ631911 6250 6500 31170.72
Gp2_DQ631911 6500 6750 13383.41
Gp2_DQ631911 6750 7000 12896.96
Gp2_DQ631911 7000 7250 7128.03
Gp2_DQ631911 7250 7500 8121.4
Gp2_DQ631911 7500 7511 1338.27
Gp3_DQ631912 0 250 1560.19
Gp3_DQ631912 250 500 2331.72
Gp3_DQ631912 500 750 6616.39
Gp3_DQ631912 750 1000 1676.32
Gp3_DQ631912 1000 1250 212.82
Gp3_DQ631912 1250 1500 801.93
Gp3_DQ631912 1500 1750 844.15
Gp3_DQ631912 1750 2000 226.21
Gp3_DQ631912 2000 2250 556.84
Gp3_DQ631912 2250 2500 0.0
Gp3_DQ631912 2500 2750 0.0
Gp3_DQ631912 2750 3000 0.0
Gp3_DQ631912 3000 3250 0.02
Gp3_DQ631912 3250 3500 18.64
Gp3_DQ631912 3500 3750 372.31
Gp3_DQ631912 3750 4000 639.31
Gp3_DQ631912 4000 4250 2883.66
Gp3_DQ631912 4250 4500 2214.02
Gp3_DQ631912 4500 4750 1120.47
Gp3_DQ631912 4750 5000 6249.26
Gp3_DQ631912 5000 5250 5355.49
Gp3_DQ631912 5250 5500 4255.71
Gp3_DQ631912 5500 5750 7195.51
Gp3_DQ631912 5750 6000 1267.51
Gp3_DQ631912 6000 6250 74.1
Gp3_DQ631912 6250 6400 0.0
Gp4_DQ631913 0 250 8607.52
Gp4_DQ631913 250 500 12699.32
Gp4_DQ631913 500 750 13930.04
Gp4_DQ631913 750 1000 13857.07
Gp4_DQ631913 1000 1250 8322.4
Gp4_DQ631913 1250 1500 5119.46
Gp4_DQ631913 1500 1750 18338.03
Gp4_DQ631913 1750 2000 11536.7
Gp4_DQ631913 2000 2250 13367.7
Gp4_DQ631913 2250 2500 13901.9
Gp4_DQ631913 2500 2750 13569.21
Gp4_DQ631913 2750 3000 13387.04
Gp4_DQ631913 3000 3250 12304.1
Gp4_DQ631913 3250 3500 6220.36
Gp4_DQ631913 3500 3750 10015.49
Gp4_DQ631913 3750 4000 16388.87
Gp4_DQ631913 4000 4250 11541.94
Gp4_DQ631913 4250 4500 9616.49
Gp4_DQ631913 4500 4750 7365.04
Gp4_DQ631913 4750 5000 18986.26
Gp4_DQ631913 5000 5250 5394.68
Gp4_DQ631913 5250 5500 18444.81
Gp4_DQ631913 5500 5750 17411.51
Gp4_DQ631913 5750 6000 18313.12
Gp4_DQ631913 6000 6250 17538.84
Gp4_DQ631913 6250 6500 11156.72
Gp4_DQ631913 6500 6750 12990.85
Gp4_DQ631913 6750 7000 12817.48
Gp4_DQ631913 7000 7250 11748.73
Gp4_DQ631913 7250 7500 7574.77
Gp4_DQ631913 7500 7560 3415.63
Gp5_DQ631914 0 250 1646.24
Gp5_DQ631914 250 500 1934.36
Gp5_DQ631914 500 750 2601.1
Gp5_DQ631914 750 1000 2385.26
Gp5_DQ631914 1000 1250 2191.74
Gp5_DQ631914 1250 1500 1924.09
Gp5_DQ631914 1500 1750 1751.81
Gp5_DQ631914 1750 2000 1371.62
Gp5_DQ631914 2000 2250 1693.77
Gp5_DQ631914 2250 2500 611.13
Gp5_DQ631914 2500 2750 1884.48
Gp5_DQ631914 2750 3000 2903.61
Gp5_DQ631914 3000 3250 2012.27
Gp5_DQ631914 3250 3500 1954.44
Gp5_DQ631914 3500 3750 0.0
Gp5_DQ631914 3750 4000 0.0
Gp5_DQ631914 4000 4250 1020.2
Gp5_DQ631914 4250 4500 1790.59
Gp5_DQ631914 4500 4750 3458.68
Gp5_DQ631914 4750 5000 10909.56
Gp5_DQ631914 5000 5250 14806.99
Gp5_DQ631914 5250 5500 5739.55
Gp5_DQ631914 5500 5750 5345.07
Gp5_DQ631914 5750 6000 9669.21
Gp5_DQ631914 6000 6250 14502.69
Gp5_DQ631914 6250 6500 1072.64
Gp5_DQ631914 6500 6750 1756.33
Gp5_DQ631914 6750 7000 1780.95
Gp5_DQ631914 7000 7250 2349.98
Gp5_DQ631914 7250 7472 2494.35
