Gp1_AJ249395 0 250 3244.93
Gp1_AJ249395 250 500 4185.03
Gp1_AJ249395 500 750 5224.88
Gp1_AJ249395 750 1000 4283.76
Gp1_AJ249395 1000 1250 4381.95
Gp1_AJ249395 1250 1500 8717.46
Gp1_AJ249395 1500 1750 5484.77
Gp1_AJ249395 1750 2000 2926.29
Gp1_AJ249395 2000 2250 4218.84
Gp1_AJ249395 2250 2500 3209.35
Gp1_AJ249395 2500 2750 4182.04
Gp1_AJ249395 2750 3000 4671.67
Gp1_AJ249395 3000 3250 3281.97
Gp1_AJ249395 3250 3500 3455.91
Gp1_AJ249395 3500 3750 3763.83
Gp1_AJ249395 3750 4000 4054.33
Gp1_AJ249395 4000 4250 3591.12
Gp1_AJ249395 4250 4500 4453.95
Gp1_AJ249395 4500 4750 3714.87
Gp1_AJ249395 4750 5000 2238.73
Gp1_AJ249395 5000 5250 2129.98
Gp1_AJ249395 5250 5500 963.61
Gp1_AJ249395 5500 5750 1433.73
Gp1_AJ249395 5750 6000 1047.47
Gp1_AJ249395 6000 6250 1485.69
Gp1_AJ249395 6250 6500 1934.73
Gp1_AJ249395 6500 6750 2143.25
Gp1_AJ249395 6750 7000 4161.77
Gp1_AJ249395 7000 7250 3036.46
Gp1_AJ249395 7250 7500 12139.23
Gp1_AJ249395 7500 7750 10466.34
Gp1_AJ249395 7750 8000 13348.95
Gp1_AJ249395 8000 8250 10897.72
Gp1_AJ249395 8250 8500 20783.26
Gp1_AJ249395 8500 8750 10260.21
Gp1_AJ249395 8750 9000 14758.87
Gp1_AJ249395 9000 9250 17842.41
Gp1_AJ249395 9250 9428 7963.72
Gp2_DQ631911 0 250 18.86
Gp2_DQ631911 250 500 20.62
Gp2_DQ631911 500 750 3977.49
Gp2_DQ631911 750 1000 134.9
Gp2_DQ631911 1000 1250 4946.47
Gp2_DQ631911 1250 1500 2692.37
Gp2_DQ631911 1500 1750 557.73
Gp2_DQ631911 1750 2000 1847.34
Gp2_DQ631911 2000 2250 244.52
Gp2_DQ631911 2250 2500 1047.2
Gp2_DQ631911 2500 2750 38.48
Gp2_DQ631911 2750 3000 47.68
Gp2_DQ631911 3000 3250 999.19
Gp2_DQ631911 3250 3500 189.51
Gp2_DQ631911 3500 3750 429.45
Gp2_DQ631911 3750 4000 243.78
Gp2_DQ631911 4000 4250 607.17
Gp2_DQ631911 4250 4500 1149.62
Gp2_DQ631911 4500 4750 2466.76
Gp2_DQ631911 4750 5000 3512.42
Gp2_DQ631911 5000 5250 1674.34
Gp2_DQ631911 5250 5500 1019.6
Gp2_DQ631911 5500 5750 279.01
Gp2_DQ631911 5750 6000 6177.45
Gp2_DQ631911 6000 6250 1878.71
Gp2_DQ631911 6250 6500 8100.57
Gp2_DQ631911 6500 6750 2817.22
Gp2_DQ631911 6750 7000 4035.47
Gp2_DQ631911 7000 7250 907.13
Gp2_DQ631911 7250 7500 6882.89
Gp2_DQ631911 7500 7511 9.56
Gp3_DQ631912 0 250 14.19
Gp3_DQ631912 250 500 100.44
Gp3_DQ631912 500 750 97.22
Gp3_DQ631912 750 1000 641.24
Gp3_DQ631912 1000 1250 2191.21
Gp3_DQ631912 1250 1500 2269.7
Gp3_DQ631912 1500 1750 3418.71
Gp3_DQ631912 1750 2000 2996.67
Gp3_DQ631912 2000 2250 3345.42
Gp3_DQ631912 2250 2500 2421.75
Gp3_DQ631912 2500 2750 1917.21
Gp3_DQ631912 2750 3000 2120.99
Gp3_DQ631912 3000 3250 4824.62
Gp3_DQ631912 3250 3500 2025.46
Gp3_DQ631912 3500 3750 3490.1
Gp3_DQ631912 3750 4000 524.76
Gp3_DQ631912 4000 4250 5692.13
Gp3_DQ631912 4250 4500 2259.11
Gp3_DQ631912 4500 4750 725.29
Gp3_DQ631912 4750 5000 7986.94
Gp3_DQ631912 5000 5250 7501.09
Gp3_DQ631912 5250 5500 5021.38
Gp3_DQ631912 5500 5750 6075.65
Gp3_DQ631912 5750 6000 32.51
Gp3_DQ631912 6000 6250 38.44
Gp3_DQ631912 6250 6400 0.0
Gp4_DQ631913 0 250 7473.93
Gp4_DQ631913 250 500 10562.83
Gp4_DQ631913 500 750 11292.06
Gp4_DQ631913 750 1000 11384.71
Gp4_DQ631913 1000 1250 7124.37
Gp4_DQ631913 1250 1500 4234.38
Gp4_DQ631913 1500 1750 14927.44
Gp4_DQ631913 1750 2000 8723.12
Gp4_DQ631913 2000 2250 10844.46
Gp4_DQ631913 2250 2500 11376.07
Gp4_DQ631913 2500 2750 10964.95
Gp4_DQ631913 2750 3000 11139.45
Gp4_DQ631913 3000 3250 10456.82
Gp4_DQ631913 3250 3500 4042.6
Gp4_DQ631913 3500 3750 6944.87
Gp4_DQ631913 3750 4000 7716.5
Gp4_DQ631913 4000 4250 486.91
Gp4_DQ631913 4250 4500 406.48
Gp4_DQ631913 4500 4750 4292.18
Gp4_DQ631913 4750 5000 4067.14
Gp4_DQ631913 5000 5250 3074.79
Gp4_DQ631913 5250 5500 9859.97
Gp4_DQ631913 5500 5750 8632.89
Gp4_DQ631913 5750 6000 13425.64
Gp4_DQ631913 6000 6250 8567.73
Gp4_DQ631913 6250 6500 6521.91
Gp4_DQ631913 6500 6750 5091.0
Gp4_DQ631913 6750 7000 6384.52
Gp4_DQ631913 7000 7250 2762.21
Gp4_DQ631913 7250 7500 675.43
Gp4_DQ631913 7500 7560 24.64
Gp5_DQ631914 0 250 451.55
Gp5_DQ631914 250 500 574.0
Gp5_DQ631914 500 750 560.31
Gp5_DQ631914 750 1000 1666.46
Gp5_DQ631914 1000 1250 73.9
Gp5_DQ631914 1250 1500 10.69
Gp5_DQ631914 1500 1750 11.73
Gp5_DQ631914 1750 2000 8.96
Gp5_DQ631914 2000 2250 12.77
Gp5_DQ631914 2250 2500 3.43
Gp5_DQ631914 2500 2750 9.85
Gp5_DQ631914 2750 3000 711.08
Gp5_DQ631914 3000 3250 21.08
Gp5_DQ631914 3250 3500 11.63
Gp5_DQ631914 3500 3750 0.0
Gp5_DQ631914 3750 4000 0.0
Gp5_DQ631914 4000 4250 599.1
Gp5_DQ631914 4250 4500 1327.96
Gp5_DQ631914 4500 4750 2019.14
Gp5_DQ631914 4750 5000 10347.84
Gp5_DQ631914 5000 5250 15083.1
Gp5_DQ631914 5250 5500 6629.02
Gp5_DQ631914 5500 5750 5018.33
Gp5_DQ631914 5750 6000 8660.73
Gp5_DQ631914 6000 6250 11282.5
Gp5_DQ631914 6250 6500 85.0
Gp5_DQ631914 6500 6750 5535.97
Gp5_DQ631914 6750 7000 902.17
Gp5_DQ631914 7000 7250 1213.36
Gp5_DQ631914 7250 7472 16.84
