Gp1_AJ249395 0 250 3903.76
Gp1_AJ249395 250 500 3089.11
Gp1_AJ249395 500 750 4034.83
Gp1_AJ249395 750 1000 3437.55
Gp1_AJ249395 1000 1250 3546.37
Gp1_AJ249395 1250 1500 6949.8
Gp1_AJ249395 1500 1750 4092.41
Gp1_AJ249395 1750 2000 2479.4
Gp1_AJ249395 2000 2250 3396.56
Gp1_AJ249395 2250 2500 2424.81
Gp1_AJ249395 2500 2750 3287.66
Gp1_AJ249395 2750 3000 3582.89
Gp1_AJ249395 3000 3250 3446.12
Gp1_AJ249395 3250 3500 2704.6
Gp1_AJ249395 3500 3750 3503.55
Gp1_AJ249395 3750 4000 4398.68
Gp1_AJ249395 4000 4250 3259.27
Gp1_AJ249395 4250 4500 3509.28
Gp1_AJ249395 4500 4750 4375.82
Gp1_AJ249395 4750 5000 3394.42
Gp1_AJ249395 5000 5250 4482.93
Gp1_AJ249395 5250 5500 1564.52
Gp1_AJ249395 5500 5750 2993.91
Gp1_AJ249395 5750 6000 963.9
Gp1_AJ249395 6000 6250 1129.21
Gp1_AJ249395 6250 6500 1411.89
Gp1_AJ249395 6500 6750 1623.46
Gp1_AJ249395 6750 7000 3000.94
Gp1_AJ249395 7000 7250 3434.47
Gp1_AJ249395 7250 7500 23121.82
Gp1_AJ249395 7500 7750 7155.67
Gp1_AJ249395 7750 8000 14892.7
Gp1_AJ249395 8000 8250 22394.76
Gp1_AJ249395 8250 8500 26977.43
Gp1_AJ249395 8500 8750 11095.44
Gp1_AJ249395 8750 9000 21914.6
Gp1_AJ249395 9000 9250 20353.94
Gp1_AJ249395 9250 9428 8215.51
Gp2_DQ631911 0 250 1807.31
Gp2_DQ631911 250 500 420.83
Gp2_DQ631911 500 750 3927.93
Gp2_DQ631911 750 1000 886.12
Gp2_DQ631911 1000 1250 4700.08
Gp2_DQ631911 1250 1500 1864.01
Gp2_DQ631911 1500 1750 1054.02
Gp2_DQ631911 1750 2000 2500.99
Gp2_DQ631911 2000 2250 1038.05
Gp2_DQ631911 2250 2500 1667.42
Gp2_DQ631911 2500 2750 1054.46
Gp2_DQ631911 2750 3000 1502.42
Gp2_DQ631911 3000 3250 1321.14
Gp2_DQ631911 3250 3500 625.58
Gp2_DQ631911 3500 3750 2886.09
Gp2_DQ631911 3750 4000 423.94
Gp2_DQ631911 4000 4250 1004.2
Gp2_DQ631911 4250 4500 1512.16
Gp2_DQ631911 4500 4750 2866.96
Gp2_DQ631911 4750 5000 4090.1
Gp2_DQ631911 5000 5250 1238.34
Gp2_DQ631911 5250 5500 1085.57
Gp2_DQ631911 5500 5750 444.78
Gp2_DQ631911 5750 6000 15617.9
Gp2_DQ631911 6000 6250 14208.24
Gp2_DQ631911 6250 6500 7815.04
Gp2_DQ631911 6500 6750 9493.39
Gp2_DQ631911 6750 7000 8733.69
Gp2_DQ631911 7000 7250 2309.44
Gp2_DQ631911 7250 7500 7613.15
Gp2_DQ631911 7500 7511 106.55
Gp3_DQ631912 0 250 681.47
Gp3_DQ631912 250 500 386.82
Gp3_DQ631912 500 750 3452.94
Gp3_DQ631912 750 1000 2336.15
Gp3_DQ631912 1000 1250 3689.49
Gp3_DQ631912 1250 1500 5720.07
Gp3_DQ631912 1500 1750 7139.5
Gp3_DQ631912 1750 2000 4708.86
Gp3_DQ631912 2000 2250 2630.09
Gp3_DQ631912 2250 2500 1867.39
Gp3_DQ631912 2500 2750 1440.62
Gp3_DQ631912 2750 3000 1620.3
Gp3_DQ631912 3000 3250 3308.56
Gp3_DQ631912 3250 3500 9580.31
Gp3_DQ631912 3500 3750 5567.29
Gp3_DQ631912 3750 4000 423.4
Gp3_DQ631912 4000 4250 19607.12
Gp3_DQ631912 4250 4500 3758.07
Gp3_DQ631912 4500 4750 3158.99
Gp3_DQ631912 4750 5000 8492.66
Gp3_DQ631912 5000 5250 25397.99
Gp3_DQ631912 5250 5500 20429.62
Gp3_DQ631912 5500 5750 10321.2
Gp3_DQ631912 5750 6000 130.06
Gp3_DQ631912 6000 6250 14.07
Gp3_DQ631912 6250 6400 0.0
Gp4_DQ631913 0 250 4279.33
Gp4_DQ631913 250 500 8885.77
Gp4_DQ631913 500 750 13718.97
Gp4_DQ631913 750 1000 12528.88
Gp4_DQ631913 1000 1250 7970.72
Gp4_DQ631913 1250 1500 4232.14
Gp4_DQ631913 1500 1750 11960.57
Gp4_DQ631913 1750 2000 8759.36
Gp4_DQ631913 2000 2250 11816.83
Gp4_DQ631913 2250 2500 11191.36
Gp4_DQ631913 2500 2750 12038.17
Gp4_DQ631913 2750 3000 13084.6
Gp4_DQ631913 3000 3250 10821.81
Gp4_DQ631913 3250 3500 5998.19
Gp4_DQ631913 3500 3750 2381.45
Gp4_DQ631913 3750 4000 3634.26
Gp4_DQ631913 4000 4250 1232.88
Gp4_DQ631913 4250 4500 1161.13
Gp4_DQ631913 4500 4750 4333.3
Gp4_DQ631913 4750 5000 4909.59
Gp4_DQ631913 5000 5250 4884.35
Gp4_DQ631913 5250 5500 10101.88
Gp4_DQ631913 5500 5750 6638.54
Gp4_DQ631913 5750 6000 10048.77
Gp4_DQ631913 6000 6250 7413.19
Gp4_DQ631913 6250 6500 10830.44
Gp4_DQ631913 6500 6750 3259.62
Gp4_DQ631913 6750 7000 3117.7
Gp4_DQ631913 7000 7250 1874.57
Gp4_DQ631913 7250 7500 838.74
Gp4_DQ631913 7500 7560 287.8
Gp5_DQ631914 0 250 4574.06
Gp5_DQ631914 250 500 1180.94
Gp5_DQ631914 500 750 1098.25
Gp5_DQ631914 750 1000 5095.82
Gp5_DQ631914 1000 1250 6440.73
Gp5_DQ631914 1250 1500 302.25
Gp5_DQ631914 1500 1750 268.13
Gp5_DQ631914 1750 2000 721.4
Gp5_DQ631914 2000 2250 214.28
Gp5_DQ631914 2250 2500 44.0
Gp5_DQ631914 2500 2750 117.89
Gp5_DQ631914 2750 3000 711.34
Gp5_DQ631914 3000 3250 270.16
Gp5_DQ631914 3250 3500 95.38
Gp5_DQ631914 3500 3750 0.0
Gp5_DQ631914 3750 4000 0.0
Gp5_DQ631914 4000 4250 605.57
Gp5_DQ631914 4250 4500 837.16
Gp5_DQ631914 4500 4750 5308.84
Gp5_DQ631914 4750 5000 15502.25
Gp5_DQ631914 5000 5250 41767.04
Gp5_DQ631914 5250 5500 4809.49
Gp5_DQ631914 5500 5750 10882.86
Gp5_DQ631914 5750 6000 11043.9
Gp5_DQ631914 6000 6250 12283.3
Gp5_DQ631914 6250 6500 277.11
Gp5_DQ631914 6500 6750 1616.32
Gp5_DQ631914 6750 7000 645.4
Gp5_DQ631914 7000 7250 2080.92
Gp5_DQ631914 7250 7472 867.14
