Gp1_AJ249395 0 250 5852.93
Gp1_AJ249395 250 500 1084.97
Gp1_AJ249395 500 750 1501.68
Gp1_AJ249395 750 1000 3710.17
Gp1_AJ249395 1000 1250 3976.35
Gp1_AJ249395 1250 1500 12547.79
Gp1_AJ249395 1500 1750 3304.64
Gp1_AJ249395 1750 2000 3653.42
Gp1_AJ249395 2000 2250 5712.34
Gp1_AJ249395 2250 2500 969.58
Gp1_AJ249395 2500 2750 2268.2
Gp1_AJ249395 2750 3000 1338.29
Gp1_AJ249395 3000 3250 4876.79
Gp1_AJ249395 3250 3500 2620.36
Gp1_AJ249395 3500 3750 8176.93
Gp1_AJ249395 3750 4000 1508.01
Gp1_AJ249395 4000 4250 1470.65
Gp1_AJ249395 4250 4500 1147.63
Gp1_AJ249395 4500 4750 2672.22
Gp1_AJ249395 4750 5000 788.65
Gp1_AJ249395 5000 5250 1432.03
Gp1_AJ249395 5250 5500 264.37
Gp1_AJ249395 5500 5750 366.38
Gp1_AJ249395 5750 6000 1095.85
Gp1_AJ249395 6000 6250 358.69
Gp1_AJ249395 6250 6500 467.52
Gp1_AJ249395 6500 6750 517.05
Gp1_AJ249395 6750 7000 781.2
Gp1_AJ249395 7000 7250 679.29
Gp1_AJ249395 7250 7500 2297.78
Gp1_AJ249395 7500 7750 2017.84
Gp1_AJ249395 7750 8000 4881.44
Gp1_AJ249395 8000 8250 5531.42
Gp1_AJ249395 8250 8500 6028.53
Gp1_AJ249395 8500 8750 9122.4
Gp1_AJ249395 8750 9000 6500.81
Gp1_AJ249395 9000 9250 8211.62
Gp1_AJ249395 9250 9428 3594.62
Gp2_DQ631911 0 250 4124.89
Gp2_DQ631911 250 500 5061.18
Gp2_DQ631911 500 750 9954.78
Gp2_DQ631911 750 1000 11766.68
Gp2_DQ631911 1000 1250 17014.83
Gp2_DQ631911 1250 1500 6388.14
Gp2_DQ631911 1500 1750 17072.17
Gp2_DQ631911 1750 2000 17053.4
Gp2_DQ631911 2000 2250 13635.66
Gp2_DQ631911 2250 2500 17273.82
Gp2_DQ631911 2500 2750 15472.81
Gp2_DQ631911 2750 3000 17412.46
Gp2_DQ631911 3000 3250 11107.64
Gp2_DQ631911 3250 3500 12130.14
Gp2_DQ631911 3500 3750 14408.3
Gp2_DQ631911 3750 4000 4734.2
Gp2_DQ631911 4000 4250 9779.61
Gp2_DQ631911 4250 4500 9126.25
Gp2_DQ631911 4500 4750 9077.32
Gp2_DQ631911 4750 5000 11556.29
Gp2_DQ631911 5000 5250 5048.26
Gp2_DQ631911 5250 5500 7468.28
Gp2_DQ631911 5500 5750 4860.1
Gp2_DQ631911 5750 6000 15123.28
Gp2_DQ631911 6000 6250 7944.25
Gp2_DQ631911 6250 6500 37184.9
Gp2_DQ631911 6500 6750 15443.48
Gp2_DQ631911 6750 7000 15597.3
Gp2_DQ631911 7000 7250 9732.2
Gp2_DQ631911 7250 7500 15827.21
Gp2_DQ631911 7500 7511 2460.64
Gp3_DQ631912 0 250 1570.21
Gp3_DQ631912 250 500 2387.99
Gp3_DQ631912 500 750 6613.66
Gp3_DQ631912 750 1000 1858.44
Gp3_DQ631912 1000 1250 805.28
Gp3_DQ631912 1250 1500 1458.06
Gp3_DQ631912 1500 1750 1703.24
Gp3_DQ631912 1750 2000 988.52
Gp3_DQ631912 2000 2250 1396.08
Gp3_DQ631912 2250 2500 581.68
Gp3_DQ631912 2500 2750 457.72
Gp3_DQ631912 2750 3000 511.22
Gp3_DQ631912 3000 3250 913.62
Gp3_DQ631912 3250 3500 496.23
Gp3_DQ631912 3500 3750 997.15
Gp3_DQ631912 3750 4000 668.3
Gp3_DQ631912 4000 4250 4301.13
Gp3_DQ631912 4250 4500 3873.78
Gp3_DQ631912 4500 4750 1557.67
Gp3_DQ631912 4750 5000 8738.83
Gp3_DQ631912 5000 5250 7580.98
Gp3_DQ631912 5250 5500 5422.5
Gp3_DQ631912 5500 5750 8055.85
Gp3_DQ631912 5750 6000 1194.39
Gp3_DQ631912 6000 6250 83.8
Gp3_DQ631912 6250 6400 0.35
Gp4_DQ631913 0 250 15396.42
Gp4_DQ631913 250 500 21622.83
Gp4_DQ631913 500 750 23658.8
Gp4_DQ631913 750 1000 24096.72
Gp4_DQ631913 1000 1250 14797.01
Gp4_DQ631913 1250 1500 8787.09
Gp4_DQ631913 1500 1750 30876.01
Gp4_DQ631913 1750 2000 19994.67
Gp4_DQ631913 2000 2250 23155.92
Gp4_DQ631913 2250 2500 24513.28
Gp4_DQ631913 2500 2750 23556.14
Gp4_DQ631913 2750 3000 23900.27
Gp4_DQ631913 3000 3250 22293.9
Gp4_DQ631913 3250 3500 10986.86
Gp4_DQ631913 3500 3750 17280.57
Gp4_DQ631913 3750 4000 26340.99
Gp4_DQ631913 4000 4250 17701.02
Gp4_DQ631913 4250 4500 14944.65
Gp4_DQ631913 4500 4750 10544.29
Gp4_DQ631913 4750 5000 31670.36
Gp4_DQ631913 5000 5250 9626.23
Gp4_DQ631913 5250 5500 33114.66
Gp4_DQ631913 5500 5750 29163.28
Gp4_DQ631913 5750 6000 30939.16
Gp4_DQ631913 6000 6250 29599.35
Gp4_DQ631913 6250 6500 24419.62
Gp4_DQ631913 6500 6750 22491.52
Gp4_DQ631913 6750 7000 21849.88
Gp4_DQ631913 7000 7250 19391.46
Gp4_DQ631913 7250 7500 12112.23
Gp4_DQ631913 7500 7560 5533.92
Gp5_DQ631914 0 250 4656.62
Gp5_DQ631914 250 500 5547.86
Gp5_DQ631914 500 750 7012.94
Gp5_DQ631914 750 1000 6669.4
Gp5_DQ631914 1000 1250 5628.63
Gp5_DQ631914 1250 1500 5393.42
Gp5_DQ631914 1500 1750 5441.45
Gp5_DQ631914 1750 2000 4745.05
Gp5_DQ631914 2000 2250 5839.12
Gp5_DQ631914 2250 2500 1843.66
Gp5_DQ631914 2500 2750 5182.45
Gp5_DQ631914 2750 3000 7724.61
Gp5_DQ631914 3000 3250 5482.98
Gp5_DQ631914 3250 3500 5166.15
Gp5_DQ631914 3500 3750 0.0
Gp5_DQ631914 3750 4000 0.0
Gp5_DQ631914 4000 4250 2434.96
Gp5_DQ631914 4250 4500 5544.87
Gp5_DQ631914 4500 4750 9341.96
Gp5_DQ631914 4750 5000 21956.26
Gp5_DQ631914 5000 5250 30039.4
Gp5_DQ631914 5250 5500 14371.54
Gp5_DQ631914 5500 5750 13461.21
Gp5_DQ631914 5750 6000 20326.79
Gp5_DQ631914 6000 6250 26810.94
Gp5_DQ631914 6250 6500 2197.06
Gp5_DQ631914 6500 6750 5805.08
Gp5_DQ631914 6750 7000 5171.09
Gp5_DQ631914 7000 7250 7016.88
Gp5_DQ631914 7250 7472 6968.0
