Gp1_AJ249395 0 250 251.82
Gp1_AJ249395 250 500 7.97
Gp1_AJ249395 500 750 737.16
Gp1_AJ249395 750 1000 1.31
Gp1_AJ249395 1000 1250 0.2
Gp1_AJ249395 1250 1500 0.0
Gp1_AJ249395 1500 1750 0.0
Gp1_AJ249395 1750 2000 0.43
Gp1_AJ249395 2000 2250 0.0
Gp1_AJ249395 2250 2500 0.0
Gp1_AJ249395 2500 2750 0.0
Gp1_AJ249395 2750 3000 0.0
Gp1_AJ249395 3000 3250 20.46
Gp1_AJ249395 3250 3500 0.7
Gp1_AJ249395 3500 3750 0.8
Gp1_AJ249395 3750 4000 6.83
Gp1_AJ249395 4000 4250 0.13
Gp1_AJ249395 4250 4500 0.37
Gp1_AJ249395 4500 4750 0.02
Gp1_AJ249395 4750 5000 0.0
Gp1_AJ249395 5000 5250 0.0
Gp1_AJ249395 5250 5500 0.0
Gp1_AJ249395 5500 5750 0.0
Gp1_AJ249395 5750 6000 0.0
Gp1_AJ249395 6000 6250 0.0
Gp1_AJ249395 6250 6500 0.0
Gp1_AJ249395 6500 6750 0.0
Gp1_AJ249395 6750 7000 0.16
Gp1_AJ249395 7000 7250 0.0
Gp1_AJ249395 7250 7500 0.0
Gp1_AJ249395 7500 7750 0.0
Gp1_AJ249395 7750 8000 0.0
Gp1_AJ249395 8000 8250 0.0
Gp1_AJ249395 8250 8500 0.3
Gp1_AJ249395 8500 8750 0.58
Gp1_AJ249395 8750 9000 0.22
Gp1_AJ249395 9000 9250 0.4
Gp1_AJ249395 9250 9428 0.0
Gp2_DQ631911 0 250 0.0
Gp2_DQ631911 250 500 471.61
Gp2_DQ631911 500 750 1017.96
Gp2_DQ631911 750 1000 1.52
Gp2_DQ631911 1000 1250 0.26
Gp2_DQ631911 1250 1500 0.4
Gp2_DQ631911 1500 1750 0.0
Gp2_DQ631911 1750 2000 0.26
Gp2_DQ631911 2000 2250 0.0
Gp2_DQ631911 2250 2500 0.0
Gp2_DQ631911 2500 2750 0.0
Gp2_DQ631911 2750 3000 0.0
Gp2_DQ631911 3000 3250 1.18
Gp2_DQ631911 3250 3500 0.12
Gp2_DQ631911 3500 3750 713.6
Gp2_DQ631911 3750 4000 0.0
Gp2_DQ631911 4000 4250 0.0
Gp2_DQ631911 4250 4500 111.72
Gp2_DQ631911 4500 4750 209.8
Gp2_DQ631911 4750 5000 8.06
Gp2_DQ631911 5000 5250 0.0
Gp2_DQ631911 5250 5500 0.0
Gp2_DQ631911 5500 5750 0.0
Gp2_DQ631911 5750 6000 0.75
Gp2_DQ631911 6000 6250 0.0
Gp2_DQ631911 6250 6500 0.4
Gp2_DQ631911 6500 6750 0.0
Gp2_DQ631911 6750 7000 0.0
Gp2_DQ631911 7000 7250 0.28
Gp2_DQ631911 7250 7500 0.12
Gp2_DQ631911 7500 7511 0.0
Gp3_DQ631912 0 250 0.0
Gp3_DQ631912 250 500 0.0
Gp3_DQ631912 500 750 0.0
Gp3_DQ631912 750 1000 0.0
Gp3_DQ631912 1000 1250 0.12
Gp3_DQ631912 1250 1500 0.0
Gp3_DQ631912 1500 1750 0.0
Gp3_DQ631912 1750 2000 0.0
Gp3_DQ631912 2000 2250 0.0
Gp3_DQ631912 2250 2500 0.0
Gp3_DQ631912 2500 2750 0.0
Gp3_DQ631912 2750 3000 0.0
Gp3_DQ631912 3000 3250 0.32
Gp3_DQ631912 3250 3500 0.0
Gp3_DQ631912 3500 3750 0.0
Gp3_DQ631912 3750 4000 0.0
Gp3_DQ631912 4000 4250 0.0
Gp3_DQ631912 4250 4500 0.0
Gp3_DQ631912 4500 4750 0.0
Gp3_DQ631912 4750 5000 0.0
Gp3_DQ631912 5000 5250 0.0
Gp3_DQ631912 5250 5500 0.34
Gp3_DQ631912 5500 5750 0.06
Gp3_DQ631912 5750 6000 0.0
Gp3_DQ631912 6000 6250 0.0
Gp3_DQ631912 6250 6400 0.0
Gp4_DQ631913 0 250 2380.54
Gp4_DQ631913 250 500 10849.26
Gp4_DQ631913 500 750 18667.8
Gp4_DQ631913 750 1000 19411.76
Gp4_DQ631913 1000 1250 8379.92
Gp4_DQ631913 1250 1500 2417.63
Gp4_DQ631913 1500 1750 7193.99
Gp4_DQ631913 1750 2000 8.73
Gp4_DQ631913 2000 2250 11178.51
Gp4_DQ631913 2250 2500 6433.76
Gp4_DQ631913 2500 2750 5941.21
Gp4_DQ631913 2750 3000 13372.68
Gp4_DQ631913 3000 3250 8979.08
Gp4_DQ631913 3250 3500 310.83
Gp4_DQ631913 3500 3750 0.71
Gp4_DQ631913 3750 4000 0.0
Gp4_DQ631913 4000 4250 0.4
Gp4_DQ631913 4250 4500 0.0
Gp4_DQ631913 4500 4750 0.0
Gp4_DQ631913 4750 5000 0.0
Gp4_DQ631913 5000 5250 0.0
Gp4_DQ631913 5250 5500 0.0
Gp4_DQ631913 5500 5750 0.11
Gp4_DQ631913 5750 6000 0.69
Gp4_DQ631913 6000 6250 0.0
Gp4_DQ631913 6250 6500 0.4
Gp4_DQ631913 6500 6750 0.0
Gp4_DQ631913 6750 7000 0.0
Gp4_DQ631913 7000 7250 0.0
Gp4_DQ631913 7250 7500 0.0
Gp4_DQ631913 7500 7560 0.0
Gp5_DQ631914 0 250 0.0
Gp5_DQ631914 250 500 0.0
Gp5_DQ631914 500 750 0.0
Gp5_DQ631914 750 1000 771.88
Gp5_DQ631914 1000 1250 890.62
Gp5_DQ631914 1250 1500 0.0
Gp5_DQ631914 1500 1750 0.0
Gp5_DQ631914 1750 2000 0.0
Gp5_DQ631914 2000 2250 0.0
Gp5_DQ631914 2250 2500 0.0
Gp5_DQ631914 2500 2750 0.0
Gp5_DQ631914 2750 3000 0.0
Gp5_DQ631914 3000 3250 2703.17
Gp5_DQ631914 3250 3500 0.0
Gp5_DQ631914 3500 3750 0.0
Gp5_DQ631914 3750 4000 0.0
Gp5_DQ631914 4000 4250 0.0
Gp5_DQ631914 4250 4500 0.0
Gp5_DQ631914 4500 4750 0.0
Gp5_DQ631914 4750 5000 0.38
Gp5_DQ631914 5000 5250 0.38
Gp5_DQ631914 5250 5500 0.0
Gp5_DQ631914 5500 5750 0.0
Gp5_DQ631914 5750 6000 0.0
Gp5_DQ631914 6000 6250 0.0
Gp5_DQ631914 6250 6500 0.0
Gp5_DQ631914 6500 6750 0.0
Gp5_DQ631914 6750 7000 0.0
Gp5_DQ631914 7000 7250 0.0
Gp5_DQ631914 7250 7472 0.27
