Gp1_AJ249395 0 250 6352.27
Gp1_AJ249395 250 500 5367.98
Gp1_AJ249395 500 750 1622.18
Gp1_AJ249395 750 1000 5951.54
Gp1_AJ249395 1000 1250 6345.46
Gp1_AJ249395 1250 1500 8663.59
Gp1_AJ249395 1500 1750 8181.83
Gp1_AJ249395 1750 2000 1972.79
Gp1_AJ249395 2000 2250 4431.54
Gp1_AJ249395 2250 2500 5910.71
Gp1_AJ249395 2500 2750 5864.33
Gp1_AJ249395 2750 3000 3447.38
Gp1_AJ249395 3000 3250 3932.46
Gp1_AJ249395 3250 3500 3658.51
Gp1_AJ249395 3500 3750 4926.5
Gp1_AJ249395 3750 4000 5272.74
Gp1_AJ249395 4000 4250 693.19
Gp1_AJ249395 4250 4500 1948.39
Gp1_AJ249395 4500 4750 9352.13
Gp1_AJ249395 4750 5000 2662.4
Gp1_AJ249395 5000 5250 3335.48
Gp1_AJ249395 5250 5500 909.01
Gp1_AJ249395 5500 5750 3894.12
Gp1_AJ249395 5750 6000 2347.02
Gp1_AJ249395 6000 6250 66.52
Gp1_AJ249395 6250 6500 85.46
Gp1_AJ249395 6500 6750 89.0
Gp1_AJ249395 6750 7000 981.35
Gp1_AJ249395 7000 7250 432.99
Gp1_AJ249395 7250 7500 15359.48
Gp1_AJ249395 7500 7750 2151.17
Gp1_AJ249395 7750 8000 13905.65
Gp1_AJ249395 8000 8250 7918.58
Gp1_AJ249395 8250 8500 27829.78
Gp1_AJ249395 8500 8750 12685.7
Gp1_AJ249395 8750 9000 25000.65
Gp1_AJ249395 9000 9250 36650.98
Gp1_AJ249395 9250 9428 11259.43
Gp2_DQ631911 0 250 1791.65
Gp2_DQ631911 250 500 1342.45
Gp2_DQ631911 500 750 5913.45
Gp2_DQ631911 750 1000 3591.23
Gp2_DQ631911 1000 1250 8273.64
Gp2_DQ631911 1250 1500 3020.1
Gp2_DQ631911 1500 1750 4322.38
Gp2_DQ631911 1750 2000 10530.14
Gp2_DQ631911 2000 2250 7323.01
Gp2_DQ631911 2250 2500 5045.8
Gp2_DQ631911 2500 2750 5128.19
Gp2_DQ631911 2750 3000 8101.78
Gp2_DQ631911 3000 3250 6648.79
Gp2_DQ631911 3250 3500 4009.42
Gp2_DQ631911 3500 3750 8741.67
Gp2_DQ631911 3750 4000 3049.36
Gp2_DQ631911 4000 4250 4474.47
Gp2_DQ631911 4250 4500 6402.55
Gp2_DQ631911 4500 4750 11439.32
Gp2_DQ631911 4750 5000 12060.58
Gp2_DQ631911 5000 5250 9122.17
Gp2_DQ631911 5250 5500 5399.04
Gp2_DQ631911 5500 5750 2787.03
Gp2_DQ631911 5750 6000 21015.63
Gp2_DQ631911 6000 6250 4903.92
Gp2_DQ631911 6250 6500 35396.49
Gp2_DQ631911 6500 6750 15087.34
Gp2_DQ631911 6750 7000 10839.55
Gp2_DQ631911 7000 7250 2677.03
Gp2_DQ631911 7250 7500 13781.52
Gp2_DQ631911 7500 7511 1548.91
Gp3_DQ631912 0 250 1035.92
Gp3_DQ631912 250 500 1987.1
Gp3_DQ631912 500 750 4701.65
Gp3_DQ631912 750 1000 2993.47
Gp3_DQ631912 1000 1250 2442.73
Gp3_DQ631912 1250 1500 4382.55
Gp3_DQ631912 1500 1750 5934.24
Gp3_DQ631912 1750 2000 4528.5
Gp3_DQ631912 2000 2250 1455.48
Gp3_DQ631912 2250 2500 106.8
Gp3_DQ631912 2500 2750 94.64
Gp3_DQ631912 2750 3000 102.78
Gp3_DQ631912 3000 3250 1208.99
Gp3_DQ631912 3250 3500 810.73
Gp3_DQ631912 3500 3750 1435.38
Gp3_DQ631912 3750 4000 1052.57
Gp3_DQ631912 4000 4250 11786.16
Gp3_DQ631912 4250 4500 4965.52
Gp3_DQ631912 4500 4750 1438.91
Gp3_DQ631912 4750 5000 8272.28
Gp3_DQ631912 5000 5250 16415.0
Gp3_DQ631912 5250 5500 7900.39
Gp3_DQ631912 5500 5750 8658.09
Gp3_DQ631912 5750 6000 868.36
Gp3_DQ631912 6000 6250 29.78
Gp3_DQ631912 6250 6400 1794.52
Gp4_DQ631913 0 250 10197.76
Gp4_DQ631913 250 500 14327.92
Gp4_DQ631913 500 750 15571.82
Gp4_DQ631913 750 1000 15862.44
Gp4_DQ631913 1000 1250 9895.52
Gp4_DQ631913 1250 1500 5959.85
Gp4_DQ631913 1500 1750 20821.74
Gp4_DQ631913 1750 2000 12823.76
Gp4_DQ631913 2000 2250 15310.69
Gp4_DQ631913 2250 2500 15800.56
Gp4_DQ631913 2500 2750 15710.03
Gp4_DQ631913 2750 3000 15870.83
Gp4_DQ631913 3000 3250 14483.0
Gp4_DQ631913 3250 3500 5669.83
Gp4_DQ631913 3500 3750 3285.67
Gp4_DQ631913 3750 4000 6341.05
Gp4_DQ631913 4000 4250 5343.43
Gp4_DQ631913 4250 4500 3049.8
Gp4_DQ631913 4500 4750 2761.84
Gp4_DQ631913 4750 5000 5343.97
Gp4_DQ631913 5000 5250 5291.86
Gp4_DQ631913 5250 5500 14343.21
Gp4_DQ631913 5500 5750 12233.63
Gp4_DQ631913 5750 6000 12425.69
Gp4_DQ631913 6000 6250 8996.96
Gp4_DQ631913 6250 6500 7728.26
Gp4_DQ631913 6500 6750 10513.89
Gp4_DQ631913 6750 7000 7561.29
Gp4_DQ631913 7000 7250 5249.66
Gp4_DQ631913 7250 7500 5000.31
Gp4_DQ631913 7500 7560 660.17
Gp5_DQ631914 0 250 5499.48
Gp5_DQ631914 250 500 5183.25
Gp5_DQ631914 500 750 8797.56
Gp5_DQ631914 750 1000 8302.27
Gp5_DQ631914 1000 1250 8534.29
Gp5_DQ631914 1250 1500 4896.98
Gp5_DQ631914 1500 1750 1354.88
Gp5_DQ631914 1750 2000 4131.0
Gp5_DQ631914 2000 2250 1610.45
Gp5_DQ631914 2250 2500 2545.01
Gp5_DQ631914 2500 2750 3802.54
Gp5_DQ631914 2750 3000 2870.11
Gp5_DQ631914 3000 3250 1056.27
Gp5_DQ631914 3250 3500 980.52
Gp5_DQ631914 3500 3750 0.0
Gp5_DQ631914 3750 4000 0.0
Gp5_DQ631914 4000 4250 3202.96
Gp5_DQ631914 4250 4500 7974.88
Gp5_DQ631914 4500 4750 11221.88
Gp5_DQ631914 4750 5000 11802.56
Gp5_DQ631914 5000 5250 21235.17
Gp5_DQ631914 5250 5500 6862.33
Gp5_DQ631914 5500 5750 15417.7
Gp5_DQ631914 5750 6000 14075.84
Gp5_DQ631914 6000 6250 24024.16
Gp5_DQ631914 6250 6500 3665.62
Gp5_DQ631914 6500 6750 6339.93
Gp5_DQ631914 6750 7000 4710.53
Gp5_DQ631914 7000 7250 2062.49
Gp5_DQ631914 7250 7472 2333.7
