Gp1_AJ249395 0 250 4179.16
Gp1_AJ249395 250 500 3531.59
Gp1_AJ249395 500 750 1067.23
Gp1_AJ249395 750 1000 3915.52
Gp1_AJ249395 1000 1250 4174.68
Gp1_AJ249395 1250 1500 5699.78
Gp1_AJ249395 1500 1750 5382.83
Gp1_AJ249395 1750 2000 1297.9
Gp1_AJ249395 2000 2250 2915.51
Gp1_AJ249395 2250 2500 3888.66
Gp1_AJ249395 2500 2750 3858.14
Gp1_AJ249395 2750 3000 2268.03
Gp1_AJ249395 3000 3250 2587.16
Gp1_AJ249395 3250 3500 2406.93
Gp1_AJ249395 3500 3750 3241.14
Gp1_AJ249395 3750 4000 3468.94
Gp1_AJ249395 4000 4250 456.05
Gp1_AJ249395 4250 4500 1281.85
Gp1_AJ249395 4500 4750 6152.77
Gp1_AJ249395 4750 5000 1751.6
Gp1_AJ249395 5000 5250 2194.41
Gp1_AJ249395 5250 5500 598.04
Gp1_AJ249395 5500 5750 2561.94
Gp1_AJ249395 5750 6000 1544.1
Gp1_AJ249395 6000 6250 43.76
Gp1_AJ249395 6250 6500 56.22
Gp1_AJ249395 6500 6750 58.55
Gp1_AJ249395 6750 7000 645.63
Gp1_AJ249395 7000 7250 284.86
Gp1_AJ249395 7250 7500 10105.0
Gp1_AJ249395 7500 7750 1415.26
Gp1_AJ249395 7750 8000 9148.53
Gp1_AJ249395 8000 8250 5209.64
Gp1_AJ249395 8250 8500 18309.21
Gp1_AJ249395 8500 8750 8345.92
Gp1_AJ249395 8750 9000 16447.93
Gp1_AJ249395 9000 9250 24112.68
Gp1_AJ249395 9250 9428 7407.58
Gp2_DQ631911 0 250 1178.73
Gp2_DQ631911 250 500 883.2
Gp2_DQ631911 500 750 3890.46
Gp2_DQ631911 750 1000 2362.67
Gp2_DQ631911 1000 1250 5443.23
Gp2_DQ631911 1250 1500 1986.93
Gp2_DQ631911 1500 1750 2843.69
Gp2_DQ631911 1750 2000 6927.78
Gp2_DQ631911 2000 2250 4817.81
Gp2_DQ631911 2250 2500 3319.63
Gp2_DQ631911 2500 2750 3373.83
Gp2_DQ631911 2750 3000 5330.16
Gp2_DQ631911 3000 3250 4374.24
Gp2_DQ631911 3250 3500 2637.8
Gp2_DQ631911 3500 3750 5751.14
Gp2_DQ631911 3750 4000 2006.17
Gp2_DQ631911 4000 4250 2943.76
Gp2_DQ631911 4250 4500 4212.24
Gp2_DQ631911 4500 4750 7525.93
Gp2_DQ631911 4750 5000 7934.66
Gp2_DQ631911 5000 5250 6001.47
Gp2_DQ631911 5250 5500 3552.03
Gp2_DQ631911 5500 5750 1833.59
Gp2_DQ631911 5750 6000 13826.18
Gp2_DQ631911 6000 6250 3226.29
Gp2_DQ631911 6250 6500 23287.35
Gp2_DQ631911 6500 6750 9925.96
Gp2_DQ631911 6750 7000 7131.34
Gp2_DQ631911 7000 7250 1761.22
Gp2_DQ631911 7250 7500 9066.86
Gp2_DQ631911 7500 7511 1019.03
Gp3_DQ631912 0 250 681.53
Gp3_DQ631912 250 500 1307.31
Gp3_DQ631912 500 750 3093.21
Gp3_DQ631912 750 1000 1969.4
Gp3_DQ631912 1000 1250 1607.07
Gp3_DQ631912 1250 1500 2883.28
Gp3_DQ631912 1500 1750 3904.14
Gp3_DQ631912 1750 2000 2979.3
Gp3_DQ631912 2000 2250 957.56
Gp3_DQ631912 2250 2500 70.26
Gp3_DQ631912 2500 2750 62.26
Gp3_DQ631912 2750 3000 67.62
Gp3_DQ631912 3000 3250 795.4
Gp3_DQ631912 3250 3500 533.38
Gp3_DQ631912 3500 3750 944.34
Gp3_DQ631912 3750 4000 692.49
Gp3_DQ631912 4000 4250 7754.11
Gp3_DQ631912 4250 4500 3266.82
Gp3_DQ631912 4500 4750 946.66
Gp3_DQ631912 4750 5000 5442.34
Gp3_DQ631912 5000 5250 10799.43
Gp3_DQ631912 5250 5500 5197.67
Gp3_DQ631912 5500 5750 5696.16
Gp3_DQ631912 5750 6000 571.29
Gp3_DQ631912 6000 6250 19.59
Gp3_DQ631912 6250 6400 1180.61
Gp4_DQ631913 0 250 6709.11
Gp4_DQ631913 250 500 9426.34
Gp4_DQ631913 500 750 10244.7
Gp4_DQ631913 750 1000 10435.9
Gp4_DQ631913 1000 1250 6510.26
Gp4_DQ631913 1250 1500 3920.98
Gp4_DQ631913 1500 1750 13698.62
Gp4_DQ631913 1750 2000 8436.75
Gp4_DQ631913 2000 2250 10072.9
Gp4_DQ631913 2250 2500 10395.19
Gp4_DQ631913 2500 2750 10335.63
Gp4_DQ631913 2750 3000 10441.42
Gp4_DQ631913 3000 3250 9528.37
Gp4_DQ631913 3250 3500 3730.18
Gp4_DQ631913 3500 3750 2161.64
Gp4_DQ631913 3750 4000 4171.78
Gp4_DQ631913 4000 4250 3515.44
Gp4_DQ631913 4250 4500 2006.46
Gp4_DQ631913 4500 4750 1817.01
Gp4_DQ631913 4750 5000 3515.8
Gp4_DQ631913 5000 5250 3481.51
Gp4_DQ631913 5250 5500 9436.4
Gp4_DQ631913 5500 5750 8048.51
Gp4_DQ631913 5750 6000 8174.86
Gp4_DQ631913 6000 6250 5919.1
Gp4_DQ631913 6250 6500 5084.42
Gp4_DQ631913 6500 6750 6917.09
Gp4_DQ631913 6750 7000 4974.57
Gp4_DQ631913 7000 7250 3453.75
Gp4_DQ631913 7250 7500 3289.71
Gp4_DQ631913 7500 7560 434.32
Gp5_DQ631914 0 250 3618.11
Gp5_DQ631914 250 500 3410.06
Gp5_DQ631914 500 750 5787.91
Gp5_DQ631914 750 1000 5462.06
Gp5_DQ631914 1000 1250 5614.71
Gp5_DQ631914 1250 1500 3221.73
Gp5_DQ631914 1500 1750 891.37
Gp5_DQ631914 1750 2000 2717.79
Gp5_DQ631914 2000 2250 1059.51
Gp5_DQ631914 2250 2500 1674.36
Gp5_DQ631914 2500 2750 2501.69
Gp5_DQ631914 2750 3000 1888.24
Gp5_DQ631914 3000 3250 694.92
Gp5_DQ631914 3250 3500 645.08
Gp5_DQ631914 3500 3750 0.0
Gp5_DQ631914 3750 4000 0.0
Gp5_DQ631914 4000 4250 2107.22
Gp5_DQ631914 4250 4500 5246.68
Gp5_DQ631914 4500 4750 7382.87
Gp5_DQ631914 4750 5000 7764.91
Gp5_DQ631914 5000 5250 13970.62
Gp5_DQ631914 5250 5500 4514.73
Gp5_DQ631914 5500 5750 10143.31
Gp5_DQ631914 5750 6000 9260.5
Gp5_DQ631914 6000 6250 15805.5
Gp5_DQ631914 6250 6500 2411.61
Gp5_DQ631914 6500 6750 4171.04
Gp5_DQ631914 6750 7000 3099.06
Gp5_DQ631914 7000 7250 1356.91
Gp5_DQ631914 7250 7472 1535.34
