Gp1_AJ249395 0 250 3436.25
Gp1_AJ249395 250 500 636.98
Gp1_AJ249395 500 750 881.64
Gp1_AJ249395 750 1000 2178.24
Gp1_AJ249395 1000 1250 2334.52
Gp1_AJ249395 1250 1500 7366.81
Gp1_AJ249395 1500 1750 1940.15
Gp1_AJ249395 1750 2000 2144.92
Gp1_AJ249395 2000 2250 3353.72
Gp1_AJ249395 2250 2500 569.24
Gp1_AJ249395 2500 2750 1331.66
Gp1_AJ249395 2750 3000 785.71
Gp1_AJ249395 3000 3250 2863.16
Gp1_AJ249395 3250 3500 1538.42
Gp1_AJ249395 3500 3750 4800.67
Gp1_AJ249395 3750 4000 885.35
Gp1_AJ249395 4000 4250 863.42
Gp1_AJ249395 4250 4500 673.77
Gp1_AJ249395 4500 4750 1568.86
Gp1_AJ249395 4750 5000 463.02
Gp1_AJ249395 5000 5250 840.74
Gp1_AJ249395 5250 5500 155.21
Gp1_AJ249395 5500 5750 215.1
Gp1_AJ249395 5750 6000 643.37
Gp1_AJ249395 6000 6250 210.59
Gp1_AJ249395 6250 6500 274.48
Gp1_AJ249395 6500 6750 303.56
Gp1_AJ249395 6750 7000 458.64
Gp1_AJ249395 7000 7250 398.81
Gp1_AJ249395 7250 7500 1349.02
Gp1_AJ249395 7500 7750 1184.67
Gp1_AJ249395 7750 8000 2865.89
Gp1_AJ249395 8000 8250 3247.5
Gp1_AJ249395 8250 8500 3539.35
Gp1_AJ249395 8500 8750 5355.76
Gp1_AJ249395 8750 9000 3816.62
Gp1_AJ249395 9000 9250 4821.04
Gp1_AJ249395 9250 9428 2110.4
Gp2_DQ631911 0 250 2421.72
Gp2_DQ631911 250 500 2971.42
Gp2_DQ631911 500 750 5844.45
Gp2_DQ631911 750 1000 6908.22
Gp2_DQ631911 1000 1250 9989.41
Gp2_DQ631911 1250 1500 3750.47
Gp2_DQ631911 1500 1750 10023.07
Gp2_DQ631911 1750 2000 10012.05
Gp2_DQ631911 2000 2250 8005.5
Gp2_DQ631911 2250 2500 10141.46
Gp2_DQ631911 2500 2750 9084.09
Gp2_DQ631911 2750 3000 10222.86
Gp2_DQ631911 3000 3250 6521.3
Gp2_DQ631911 3250 3500 7121.61
Gp2_DQ631911 3500 3750 8459.12
Gp2_DQ631911 3750 4000 2779.45
Gp2_DQ631911 4000 4250 5741.61
Gp2_DQ631911 4250 4500 5358.02
Gp2_DQ631911 4500 4750 5329.29
Gp2_DQ631911 4750 5000 6784.7
Gp2_DQ631911 5000 5250 2963.83
Gp2_DQ631911 5250 5500 4384.63
Gp2_DQ631911 5500 5750 2853.36
Gp2_DQ631911 5750 6000 8878.88
Gp2_DQ631911 6000 6250 4664.07
Gp2_DQ631911 6250 6500 21831.25
Gp2_DQ631911 6500 6750 9066.87
Gp2_DQ631911 6750 7000 9157.18
Gp2_DQ631911 7000 7250 5713.78
Gp2_DQ631911 7250 7500 9292.16
Gp2_DQ631911 7500 7511 1444.64
Gp3_DQ631912 0 250 921.87
Gp3_DQ631912 250 500 1401.99
Gp3_DQ631912 500 750 3882.88
Gp3_DQ631912 750 1000 1091.09
Gp3_DQ631912 1000 1250 472.78
Gp3_DQ631912 1250 1500 856.03
Gp3_DQ631912 1500 1750 999.97
Gp3_DQ631912 1750 2000 580.36
Gp3_DQ631912 2000 2250 819.64
Gp3_DQ631912 2250 2500 341.5
Gp3_DQ631912 2500 2750 268.73
Gp3_DQ631912 2750 3000 300.14
Gp3_DQ631912 3000 3250 536.39
Gp3_DQ631912 3250 3500 291.34
Gp3_DQ631912 3500 3750 585.43
Gp3_DQ631912 3750 4000 392.36
Gp3_DQ631912 4000 4250 2525.19
Gp3_DQ631912 4250 4500 2274.3
Gp3_DQ631912 4500 4750 914.51
Gp3_DQ631912 4750 5000 5130.57
Gp3_DQ631912 5000 5250 4450.79
Gp3_DQ631912 5250 5500 3183.55
Gp3_DQ631912 5500 5750 4729.59
Gp3_DQ631912 5750 6000 701.23
Gp3_DQ631912 6000 6250 49.2
Gp3_DQ631912 6250 6400 0.21
Gp4_DQ631913 0 250 9039.24
Gp4_DQ631913 250 500 12694.76
Gp4_DQ631913 500 750 13890.08
Gp4_DQ631913 750 1000 14147.19
Gp4_DQ631913 1000 1250 8687.32
Gp4_DQ631913 1250 1500 5158.9
Gp4_DQ631913 1500 1750 18127.3
Gp4_DQ631913 1750 2000 11738.87
Gp4_DQ631913 2000 2250 13594.84
Gp4_DQ631913 2250 2500 14391.74
Gp4_DQ631913 2500 2750 13829.81
Gp4_DQ631913 2750 3000 14031.85
Gp4_DQ631913 3000 3250 13088.75
Gp4_DQ631913 3250 3500 6450.39
Gp4_DQ631913 3500 3750 10145.42
Gp4_DQ631913 3750 4000 15464.8
Gp4_DQ631913 4000 4250 10392.27
Gp4_DQ631913 4250 4500 8774.01
Gp4_DQ631913 4500 4750 6190.55
Gp4_DQ631913 4750 5000 18593.67
Gp4_DQ631913 5000 5250 5651.56
Gp4_DQ631913 5250 5500 19441.61
Gp4_DQ631913 5500 5750 17121.76
Gp4_DQ631913 5750 6000 18164.38
Gp4_DQ631913 6000 6250 17377.78
Gp4_DQ631913 6250 6500 14336.76
Gp4_DQ631913 6500 6750 13204.77
Gp4_DQ631913 6750 7000 12828.07
Gp4_DQ631913 7000 7250 11384.72
Gp4_DQ631913 7250 7500 7111.09
Gp4_DQ631913 7500 7560 3248.96
Gp5_DQ631914 0 250 2733.9
Gp5_DQ631914 250 500 3257.15
Gp5_DQ631914 500 750 4117.29
Gp5_DQ631914 750 1000 3915.6
Gp5_DQ631914 1000 1250 3304.57
Gp5_DQ631914 1250 1500 3166.48
Gp5_DQ631914 1500 1750 3194.68
Gp5_DQ631914 1750 2000 2785.82
Gp5_DQ631914 2000 2250 3428.15
Gp5_DQ631914 2250 2500 1082.41
Gp5_DQ631914 2500 2750 3042.62
Gp5_DQ631914 2750 3000 4535.12
Gp5_DQ631914 3000 3250 3219.06
Gp5_DQ631914 3250 3500 3033.05
Gp5_DQ631914 3500 3750 0.0
Gp5_DQ631914 3750 4000 0.0
Gp5_DQ631914 4000 4250 1429.57
Gp5_DQ631914 4250 4500 3255.39
Gp5_DQ631914 4500 4750 5484.67
Gp5_DQ631914 4750 5000 12890.52
Gp5_DQ631914 5000 5250 17636.13
Gp5_DQ631914 5250 5500 8437.53
Gp5_DQ631914 5500 5750 7903.08
Gp5_DQ631914 5750 6000 11933.86
Gp5_DQ631914 6000 6250 15740.7
Gp5_DQ631914 6250 6500 1289.89
Gp5_DQ631914 6500 6750 3408.16
Gp5_DQ631914 6750 7000 3035.95
Gp5_DQ631914 7000 7250 4119.61
Gp5_DQ631914 7250 7472 4090.91
