Gp1_AJ249395 0 250 1414.29
Gp1_AJ249395 250 500 12.84
Gp1_AJ249395 500 750 819.7
Gp1_AJ249395 750 1000 515.22
Gp1_AJ249395 1000 1250 2463.01
Gp1_AJ249395 1250 1500 1740.45
Gp1_AJ249395 1500 1750 735.92
Gp1_AJ249395 1750 2000 835.87
Gp1_AJ249395 2000 2250 10.99
Gp1_AJ249395 2250 2500 0.49
Gp1_AJ249395 2500 2750 470.07
Gp1_AJ249395 2750 3000 708.47
Gp1_AJ249395 3000 3250 2321.66
Gp1_AJ249395 3250 3500 282.85
Gp1_AJ249395 3500 3750 565.64
Gp1_AJ249395 3750 4000 2245.86
Gp1_AJ249395 4000 4250 885.15
Gp1_AJ249395 4250 4500 218.64
Gp1_AJ249395 4500 4750 2076.99
Gp1_AJ249395 4750 5000 2415.7
Gp1_AJ249395 5000 5250 3938.15
Gp1_AJ249395 5250 5500 1175.43
Gp1_AJ249395 5500 5750 2608.29
Gp1_AJ249395 5750 6000 95.56
Gp1_AJ249395 6000 6250 0.36
Gp1_AJ249395 6250 6500 0.0
Gp1_AJ249395 6500 6750 25.05
Gp1_AJ249395 6750 7000 1685.78
Gp1_AJ249395 7000 7250 1313.57
Gp1_AJ249395 7250 7500 18669.92
Gp1_AJ249395 7500 7750 404.98
Gp1_AJ249395 7750 8000 5803.41
Gp1_AJ249395 8000 8250 18051.74
Gp1_AJ249395 8250 8500 18282.27
Gp1_AJ249395 8500 8750 5598.16
Gp1_AJ249395 8750 9000 6985.68
Gp1_AJ249395 9000 9250 13972.47
Gp1_AJ249395 9250 9428 3246.92
Gp2_DQ631911 0 250 1759.14
Gp2_DQ631911 250 500 215.18
Gp2_DQ631911 500 750 1795.62
Gp2_DQ631911 750 1000 1717.62
Gp2_DQ631911 1000 1250 3383.39
Gp2_DQ631911 1250 1500 35.45
Gp2_DQ631911 1500 1750 35.36
Gp2_DQ631911 1750 2000 863.86
Gp2_DQ631911 2000 2250 43.84
Gp2_DQ631911 2250 2500 63.44
Gp2_DQ631911 2500 2750 367.26
Gp2_DQ631911 2750 3000 1424.64
Gp2_DQ631911 3000 3250 237.26
Gp2_DQ631911 3250 3500 52.35
Gp2_DQ631911 3500 3750 2732.21
Gp2_DQ631911 3750 4000 93.14
Gp2_DQ631911 4000 4250 385.56
Gp2_DQ631911 4250 4500 677.34
Gp2_DQ631911 4500 4750 1323.65
Gp2_DQ631911 4750 5000 2463.45
Gp2_DQ631911 5000 5250 6.37
Gp2_DQ631911 5250 5500 258.38
Gp2_DQ631911 5500 5750 274.1
Gp2_DQ631911 5750 6000 14269.78
Gp2_DQ631911 6000 6250 10573.88
Gp2_DQ631911 6250 6500 1378.82
Gp2_DQ631911 6500 6750 7335.14
Gp2_DQ631911 6750 7000 5502.24
Gp2_DQ631911 7000 7250 1359.25
Gp2_DQ631911 7250 7500 2137.35
Gp2_DQ631911 7500 7511 2.63
Gp3_DQ631912 0 250 902.96
Gp3_DQ631912 250 500 106.76
Gp3_DQ631912 500 750 4038.18
Gp3_DQ631912 750 1000 2570.46
Gp3_DQ631912 1000 1250 2828.58
Gp3_DQ631912 1250 1500 5662.57
Gp3_DQ631912 1500 1750 6326.55
Gp3_DQ631912 1750 2000 3992.47
Gp3_DQ631912 2000 2250 45.19
Gp3_DQ631912 2250 2500 0.12
Gp3_DQ631912 2500 2750 2.64
Gp3_DQ631912 2750 3000 23.39
Gp3_DQ631912 3000 3250 1738.96
Gp3_DQ631912 3250 3500 6078.89
Gp3_DQ631912 3500 3750 3587.3
Gp3_DQ631912 3750 4000 11.4
Gp3_DQ631912 4000 4250 9400.38
Gp3_DQ631912 4250 4500 2320.12
Gp3_DQ631912 4500 4750 2262.54
Gp3_DQ631912 4750 5000 3148.91
Gp3_DQ631912 5000 5250 27599.53
Gp3_DQ631912 5250 5500 14252.9
Gp3_DQ631912 5500 5750 3771.26
Gp3_DQ631912 5750 6000 11.1
Gp3_DQ631912 6000 6250 0.49
Gp3_DQ631912 6250 6400 0.16
Gp4_DQ631913 0 250 1811.97
Gp4_DQ631913 250 500 5986.52
Gp4_DQ631913 500 750 11162.31
Gp4_DQ631913 750 1000 11080.91
Gp4_DQ631913 1000 1250 6922.75
Gp4_DQ631913 1250 1500 2856.59
Gp4_DQ631913 1500 1750 8416.82
Gp4_DQ631913 1750 2000 7673.64
Gp4_DQ631913 2000 2250 10729.21
Gp4_DQ631913 2250 2500 10039.12
Gp4_DQ631913 2500 2750 11187.04
Gp4_DQ631913 2750 3000 11590.44
Gp4_DQ631913 3000 3250 9421.2
Gp4_DQ631913 3250 3500 4085.61
Gp4_DQ631913 3500 3750 156.56
Gp4_DQ631913 3750 4000 681.14
Gp4_DQ631913 4000 4250 69.07
Gp4_DQ631913 4250 4500 202.49
Gp4_DQ631913 4500 4750 3003.13
Gp4_DQ631913 4750 5000 2732.26
Gp4_DQ631913 5000 5250 2608.35
Gp4_DQ631913 5250 5500 6299.48
Gp4_DQ631913 5500 5750 2545.13
Gp4_DQ631913 5750 6000 10405.87
Gp4_DQ631913 6000 6250 4948.53
Gp4_DQ631913 6250 6500 12468.87
Gp4_DQ631913 6500 6750 68.82
Gp4_DQ631913 6750 7000 63.61
Gp4_DQ631913 7000 7250 54.12
Gp4_DQ631913 7250 7500 34.71
Gp4_DQ631913 7500 7560 17.85
Gp5_DQ631914 0 250 1983.93
Gp5_DQ631914 250 500 189.96
Gp5_DQ631914 500 750 245.34
Gp5_DQ631914 750 1000 3987.8
Gp5_DQ631914 1000 1250 7979.27
Gp5_DQ631914 1250 1500 54.55
Gp5_DQ631914 1500 1750 68.01
Gp5_DQ631914 1750 2000 117.11
Gp5_DQ631914 2000 2250 36.41
Gp5_DQ631914 2250 2500 10.08
Gp5_DQ631914 2500 2750 24.35
Gp5_DQ631914 2750 3000 756.15
Gp5_DQ631914 3000 3250 182.36
Gp5_DQ631914 3250 3500 22.38
Gp5_DQ631914 3500 3750 0.0
Gp5_DQ631914 3750 4000 0.0
Gp5_DQ631914 4000 4250 209.56
Gp5_DQ631914 4250 4500 19.91
Gp5_DQ631914 4500 4750 4919.67
Gp5_DQ631914 4750 5000 10582.07
Gp5_DQ631914 5000 5250 41817.66
Gp5_DQ631914 5250 5500 2546.3
Gp5_DQ631914 5500 5750 7349.83
Gp5_DQ631914 5750 6000 7744.27
Gp5_DQ631914 6000 6250 11860.58
Gp5_DQ631914 6250 6500 357.8
Gp5_DQ631914 6500 6750 21.8
Gp5_DQ631914 6750 7000 21.18
Gp5_DQ631914 7000 7250 1340.93
Gp5_DQ631914 7250 7472 717.65
